   9.7316702e+00   7.1145249e+00   5.6318183e+00   1.0000000e+00
   1.0754158e+01   9.2215978e+00   6.4464970e+00   2.0000000e+00
   9.8034217e+00   9.4614201e+00   5.8150572e+00   3.0000000e+00
   7.9870577e+00   9.9970262e+00   6.7520485e+00   4.0000000e+00
   8.8566927e+00   9.4577969e+00   8.4720198e+00   5.0000000e+00
   1.3235734e+01   1.0168752e+01   8.1611240e+00   6.0000000e+00
   1.4882905e+01   3.4463056e+00   6.7555012e+00   7.0000000e+00
   1.3507957e+01   7.4844740e+00   6.7017147e+00   8.0000000e+00
   1.1161445e+01   6.9211254e+00   5.0365377e+00   9.0000000e+00
   1.2268335e+01   4.1386305e+00   5.5893298e+00   1.0000000e+01
   9.9558951e+00   5.6644070e+00   3.9231542e+00   1.1000000e+01
   1.2369839e+01   3.0447961e+00   5.6562977e+00   1.2000000e+01
   1.2067609e+01   1.9768340e+00   4.7409174e+00   1.3000000e+01
   9.1570588e+00   4.5176771e+00   5.2909599e+00   1.4000000e+01
   1.0482541e+01   6.8832283e+00   4.9848386e+00   1.5000000e+01
   1.0783309e+01   6.5171993e+00   4.2980834e+00   1.6000000e+01
   1.1290420e+01   4.4021732e+00   4.4714045e+00   1.7000000e+01
   1.0169562e+01   3.0218778e+00   3.8660823e+00   1.8000000e+01
   8.5821377e+00   3.1159067e+00   2.9278417e+00   1.9000000e+01
   8.8822114e+00   5.2156210e+00   3.7717998e+00   2.0000000e+01
   1.0974219e+01   4.6791121e+00   3.4891538e+00   2.1000000e+01
   1.0757319e+01   6.2694107e+00   2.7742145e+00   2.2000000e+01
   1.1360562e+01   4.7722695e+00   4.7691097e+00   2.3000000e+01
   1.0475998e+01   5.7366992e+00   3.9370745e+00   2.4000000e+01
   1.1478976e+01   4.5033682e+00   3.9274539e+00   2.5000000e+01
   9.2649267e+00   1.1581721e+00   2.9368753e+00   2.6000000e+01
   7.3122181e+00   3.9653453e+00   4.5313768e+00   2.7000000e+01
   8.1017168e+00   3.7472656e+00   3.3110643e+00   2.8000000e+01
   8.8620341e+00   3.1096041e+00   2.6304288e+00   2.9000000e+01
   9.6859533e+00   8.6171455e+00   6.2499816e+00   3.0000000e+01
   5.8694120e+00   1.0501699e+01   5.2337812e+00   3.1000000e+01
   5.1414402e+00   8.9013908e+00   4.8751928e+00   3.2000000e+01
   2.4740013e+00   5.8282985e+00   2.8026911e+00   3.3000000e+01
   3.9731713e+00   7.4162676e+00   3.2395275e+00   3.4000000e+01
   4.0790952e+00   7.0585092e+00   3.5779777e-01   3.5000000e+01
   3.3544917e+00   6.7992057e+00   8.9824345e-01   3.6000000e+01
   3.4802921e+00   6.4034215e+00   4.2658242e-01   3.7000000e+01
   2.4114114e+00   7.5986354e+00   3.6715956e-01   3.8000000e+01
   3.1130566e+00   8.0454994e+00   5.6676420e-01   3.9000000e+01
   6.1001893e+00   7.6180297e+00   1.1560136e+00   4.0000000e+01
   2.4537874e+00   6.9169841e+00   6.5464858e-01   4.1000000e+01
   5.9733069e+00   7.3104763e+00   4.8895658e-01   4.2000000e+01
   7.0333567e+00   7.6724451e+00   2.6653376e+00   4.3000000e+01
   5.5716225e+00   8.7050642e+00  -4.4628210e-01   4.4000000e+01
   2.7130683e+00   7.3489566e+00  -2.9419961e-01   4.5000000e+01
   1.3751449e+00   1.7598916e+00   1.7105302e-01   4.6000000e+01
  -1.2427235e-01   1.0841834e+00   1.1914185e+00   4.7000000e+01
   1.6164845e+00   2.9313070e-01   1.1923292e+00   4.8000000e+01
   4.1516520e+00   7.7873753e-01   2.0699305e+00   4.9000000e+01
  -6.5202868e-01   2.0578722e+00   1.1069803e+00   5.0000000e+01
  -7.3112343e-01   1.3883117e+00   9.1366137e-01   5.1000000e+01
  -6.4361984e-01   1.6889699e+00   1.0931664e+00   5.2000000e+01
   1.3978225e+00   2.5969388e+00   3.9814201e-01   5.3000000e+01
  -1.4131815e+00  -2.2049612e+00   2.1905424e+00   5.4000000e+01
  -2.9091709e+00  -4.4883570e-01   9.4517374e-01   5.5000000e+01
   2.0448676e+00  -1.8214546e-02   1.2785119e+00   5.6000000e+01
  -4.2606045e-02  -1.8978367e-02  -2.6172338e-01   5.7000000e+01
   1.7636112e-01   5.0692932e-01   1.0424079e+00   5.8000000e+01
   8.1640147e-01   7.5985656e-01   5.2829843e-01   5.9000000e+01
  -1.0376663e+00  -2.5581717e+00   1.6650911e+00   6.0000000e+01
   5.9547264e-01  -3.8545136e-03   1.8741057e+00   6.1000000e+01
   1.9554959e+00  -2.0301702e+00   1.6167408e+00   6.2000000e+01
   5.0664513e-01  -2.7370942e+00   6.7578134e-01   6.3000000e+01
   2.0308221e+00  -3.9895815e+00   9.4958515e-01   6.4000000e+01
   3.5373682e+00   5.2165105e-01   1.1717724e+00   6.5000000e+01
   3.7546001e+00  -9.7695605e-01   5.8305841e-01   6.6000000e+01
   7.8679269e-01  -4.8941862e-01   1.4674204e+00   6.7000000e+01
   2.3207989e+00   4.2838266e+00   8.5806355e-01   6.8000000e+01
   1.4311544e+00   2.3929505e+00   6.9191376e-01   6.9000000e+01
   2.3869829e-01   5.0365180e-01   1.3625983e+00   7.0000000e+01
   3.7706097e-01   4.7279642e+00   6.1855203e-01   7.1000000e+01
   1.5244525e-01   2.2216671e+00  -1.8438096e-01   7.2000000e+01
   2.4193898e+00   2.3951519e+00   6.8153931e-01   7.3000000e+01
   2.7276299e-01   5.8315283e+00   1.1469162e+00   7.4000000e+01
  -2.4646899e+00   4.8043351e+00   5.6390666e-01   7.5000000e+01
   2.7170828e+00   6.7597865e+00   1.1431257e+00   7.6000000e+01
  -4.9279436e-01   5.1042857e+00  -9.2948985e-03   7.7000000e+01
  -1.3526726e+00  -7.1521903e-01   6.9888016e-01   7.8000000e+01
   8.2578498e-01   3.2074537e+00   1.6358977e+00   7.9000000e+01
   9.1966020e-01   2.5817006e+00   5.1540585e-01   8.0000000e+01
  -2.7382013e+00   4.7909426e+00   5.5051074e-01   8.1000000e+01
  -2.8069912e+00  -5.8361915e-01   5.8655642e-01   8.2000000e+01
  -2.7860428e+00  -1.7825663e-01   1.0460529e+00   8.3000000e+01
  -2.8829900e+00   2.7273267e+00   1.4692164e+00   8.4000000e+01
  -2.1156291e+00   2.6717031e+00   1.2557320e+00   8.5000000e+01
  -3.7526164e+00   3.0892254e+00   1.6958783e+00   8.6000000e+01
  -1.8421298e+00   1.7574199e+00   1.6458798e+00   8.7000000e+01
  -2.4445656e+00   1.8841818e+00   1.8357085e+00   8.8000000e+01
  -1.6380491e+00   3.1530121e+00   2.1389274e+00   8.9000000e+01
  -3.7887261e+00   2.8428560e+00   3.2454400e-01   9.0000000e+01
  -1.7872982e+00   3.9383294e+00   1.1995170e+00   9.1000000e+01
  -1.5262003e+00   3.7764637e+00   1.9945665e+00   9.2000000e+01
  -1.8000300e+00   3.2802347e+00   1.9566196e+00   9.3000000e+01
  -2.5546537e+00   2.9785997e+00   1.0421750e+00   9.4000000e+01
  -1.0449360e-01   1.1856786e+00   1.8321213e+00   9.5000000e+01
  -2.3430143e+00   2.2626311e+00   8.7213965e-01   9.6000000e+01
  -3.5079810e+00   2.5752365e+00   4.3431293e-01   9.7000000e+01
  -3.7190179e+00   2.4722001e+00  -2.5979588e-01   9.8000000e+01
  -2.2030116e+00   2.6113694e+00   1.4142336e+00   9.9000000e+01
  -1.7724891e+00  -1.3134194e-01   1.1702514e+00   1.0000000e+02
  -8.5743871e-01   3.9344100e-01   1.6711358e+00   1.0100000e+02
   1.2921109e+00  -2.1304256e+00   4.2064381e+00   1.0200000e+02
  -1.7695407e+00  -8.1690797e-01   3.0210608e+00   1.0300000e+02
  -4.6196686e-01  -5.7584769e-01   3.0335717e+00   1.0400000e+02
  -2.2634762e+00   8.5493988e-01   1.0911803e+00   1.0500000e+02
  -3.1514600e+00  -1.1247797e+00   1.2982356e+00   1.0600000e+02
  -6.0272339e+00   2.0423530e+00  -6.3789281e-01   1.0700000e+02
  -5.2545403e+00   3.8464523e+00   3.2301827e-01   1.0800000e+02
  -5.6976524e+00   2.5729746e+00  -5.0209473e-01   1.0900000e+02
  -5.7820802e+00   1.6985630e+00  -4.5581156e-01   1.1000000e+02
  -6.5979763e+00   2.6613983e+00  -2.0546123e+00   1.1100000e+02
  -9.8220497e+00   3.1617030e+00  -1.6318424e+00   1.1200000e+02
  -7.7600794e+00   1.1126458e+00  -5.6781293e-01   1.1300000e+02
  -8.6553090e+00   2.3458653e+00  -1.4627711e+00   1.1400000e+02
  -5.5313977e+00   2.1981141e+00  -1.7724897e-01   1.1500000e+02
  -6.4506496e+00   3.0806943e+00  -1.3433723e+00   1.1600000e+02
  -4.4851059e+00   2.8837548e+00   8.9172003e-01   1.1700000e+02
  -2.7793550e+00   4.9723459e-01   1.4450406e+00   1.1800000e+02
  -1.3332233e+00   7.0091371e-01   3.3809648e+00   1.1900000e+02
  -2.5268158e+00   1.0189748e-01   2.1414071e+00   1.2000000e+02
  -1.2399423e+00   1.7514834e+00   4.3746292e+00   1.2100000e+02
  -1.8273210e+00   1.8400633e+00   2.7089516e+00   1.2200000e+02
   2.1211110e-01  -1.0904300e-01   3.0311874e+00   1.2300000e+02
   3.2038955e+00   1.8597228e-01   4.2918012e+00   1.2400000e+02
   4.0930281e-01   9.4352048e-02   2.0493238e+00   1.2500000e+02
   1.4093411e+00   9.7545546e-01   3.4765401e+00   1.2600000e+02
  -1.2843911e+00   1.2790334e+00   3.2284761e+00   1.2700000e+02
  -8.3681198e-01   1.1154896e+00   4.1027169e+00   1.2800000e+02
  -3.1540516e-01  -3.6524225e-01   2.9840722e+00   1.2900000e+02
  -1.1583113e+00  -1.9028292e+00   2.4892780e+00   1.3000000e+02
  -1.0434181e+00   6.9134708e-01   2.8995577e+00   1.3100000e+02
   4.2053138e-01   2.8112710e-01   3.5835350e+00   1.3200000e+02
   2.1972698e+00  -3.0515984e+00   2.9755236e+00   1.3300000e+02
   2.7492913e+00  -1.7484078e+00   4.5897477e+00   1.3400000e+02
   3.1654081e+00  -2.6201434e+00   3.8647833e+00   1.3500000e+02
   1.3072635e+00   3.8003177e-01   4.0165452e+00   1.3600000e+02
   2.1272911e+00  -1.1066281e+00   3.1140203e+00   1.3700000e+02
   8.6284096e-01  -2.2407255e+00   1.0954866e+00   1.3800000e+02
   1.9964667e+00  -1.2480469e+00   1.9811532e+00   1.3900000e+02
   2.5710348e+00  -1.8642413e+00   2.0522696e+00   1.4000000e+02
   2.2792086e+00   7.7558639e-01   1.5834788e+00   1.4100000e+02
   1.4795906e+00   1.2941716e+00   2.0828141e+00   1.4200000e+02
   1.9475935e+00   4.7826406e-02   1.9562953e+00   1.4300000e+02
  -8.2568518e-02   1.0213405e-01   1.1429102e+00   1.4400000e+02
  -9.5523811e-01   9.4062338e-01  -2.6052990e-01   1.4500000e+02
  -2.5991784e+00   2.4537370e+00   1.1449621e+00   1.4600000e+02
  -2.5366595e-01   5.4490234e-01   4.6405399e-01   1.4700000e+02
   1.6644744e-02  -5.0735866e-01   6.5102876e-01   1.4800000e+02
   1.8836943e+00  -2.6271515e+00   1.1331643e+00   1.4900000e+02
  -6.8210541e-01  -6.5725538e-01  -6.4954499e-02   1.5000000e+02
   7.5461542e-01  -8.9370874e-01   9.0308776e-01   1.5100000e+02
  -7.4786401e-01  -2.2685610e+00  -9.6206291e-01   1.5200000e+02
   1.4364448e+00  -8.6663720e-01   7.7061783e-01   1.5300000e+02
   4.1271334e-01  -1.4864693e+00  -1.2291740e+00   1.5400000e+02
   2.1410747e+00  -1.5537405e+00  -2.2471872e-01   1.5500000e+02
   1.9741960e+00  -1.4392929e+00  -5.3634347e-01   1.5600000e+02
   5.1379978e-02  -2.0550145e+00  -1.2932382e+00   1.5700000e+02
   9.1403740e-01  -1.0542135e+00  -1.0386684e+00   1.5800000e+02
   5.8446563e-01   1.7208784e-02  -6.9031804e-01   1.5900000e+02
  -3.0844789e+00  -7.6233095e-01  -3.4124248e+00   1.6000000e+02
  -3.4362257e+00   7.8809574e-01  -2.5996594e+00   1.6100000e+02
  -3.0165557e+00  -8.8670217e-01  -2.9482559e+00   1.6200000e+02
  -1.0719334e+00  -2.2002644e-01  -1.2790117e+00   1.6300000e+02
  -4.0562763e-01  -2.7612042e+00  -2.2270243e+00   1.6400000e+02
  -3.2501020e+00  -1.1832165e+00  -1.7746145e+00   1.6500000e+02
  -1.2971078e+00  -8.7278192e-01  -2.3449694e+00   1.6600000e+02
  -1.9989401e+00  -6.2843062e-01  -2.1661281e+00   1.6700000e+02
  -7.9735777e-01  -1.5178380e+00  -5.5194185e-01   1.6800000e+02
  -1.9128285e+00  -9.6356306e-01   1.7071369e-02   1.6900000e+02
  -4.4387590e+00   4.0508256e-01  -5.2974628e-01   1.7000000e+02
  -1.0600507e+00  -6.8260073e-01   7.1528671e-01   1.7100000e+02
  -1.6231940e+00   8.8733985e-01   1.7159019e+00   1.7200000e+02
  -1.7817487e+00  -2.5064449e+00   8.3830560e-01   1.7300000e+02
  -4.5361797e+00  -1.0443591e+00   3.8242893e-01   1.7400000e+02
  -2.9944180e+00  -2.8806704e+00   1.4595079e-01   1.7500000e+02
  -2.7614337e+00  -1.7831995e+00   4.8788238e-01   1.7600000e+02
  -2.4974322e+00  -9.6717454e-01   1.4606601e-01   1.7700000e+02
  -3.7838791e+00   5.8942497e-01   4.2415798e-01   1.7800000e+02
  -3.4869435e+00   8.1110302e-01   3.6332511e-01   1.7900000e+02
  -5.8035349e-01   5.4559504e-01   1.2575988e+00   1.8000000e+02
  -1.7288059e+00  -1.0954190e+00   1.3223606e+00   1.8100000e+02
  -1.6559556e+00   4.3071207e-01   1.7112250e+00   1.8200000e+02
  -8.7469345e-01   2.0541036e-01   1.5014772e+00   1.8300000e+02
  -1.2754759e+00  -9.4384171e-01   1.8785958e+00   1.8400000e+02
  -2.9913180e+00  -7.9659499e-01  -4.3221938e-01   1.8500000e+02
  -8.2270861e-01  -1.8383164e+00   6.6079128e-01   1.8600000e+02
  -2.2224165e+00   1.4361677e+00   3.1986763e-01   1.8700000e+02
  -3.7053984e+00  -2.0546266e+00  -1.6725753e-01   1.8800000e+02
  -1.9674719e+00   1.7565822e+00   2.2259248e+00   1.8900000e+02
  -2.8945642e+00   6.2279085e+00   2.6189351e-01   1.9000000e+02
  -2.3476068e+00   2.5419225e+00  -4.8866166e-01   1.9100000e+02
  -2.3128728e+00   1.9217289e+00  -8.7501477e-01   1.9200000e+02
  -3.7139041e+00   2.6608573e+00  -6.0171643e-01   1.9300000e+02
  -2.6628121e+00   2.3236166e+00   5.8421098e-01   1.9400000e+02
  -4.2403108e+00   4.0055252e+00   9.5099707e-02   1.9500000e+02
  -2.8940254e+00   3.2861223e+00   6.8756690e-01   1.9600000e+02
  -3.5608994e+00   1.0685423e+00   1.7771210e-01   1.9700000e+02
  -2.7759932e+00  -2.3113287e-01   4.6798648e-01   1.9800000e+02
  -2.0537177e+00  -1.1239778e+00   1.5154120e+00   1.9900000e+02
  -1.9698795e+00   1.5602362e-01   1.1553283e+00   2.0000000e+02
  -2.5034051e+00   1.1188455e-01   1.6774916e+00   2.0100000e+02
  -4.9667386e+00   1.2485293e+00   2.0625462e-01   2.0200000e+02
  -6.4998288e+00   2.0408395e+00   2.9401126e-01   2.0300000e+02
  -5.5042255e+00   2.3098359e+00   6.1908213e-01   2.0400000e+02
  -5.5107837e+00   1.7826430e+00   7.5729182e-02   2.0500000e+02
  -4.7627139e+00   7.5131565e-01   6.7891836e-01   2.0600000e+02
  -3.5514620e+00   2.0810056e+00   1.6532948e+00   2.0700000e+02
  -3.1822839e+00   1.1044663e+00   1.2832364e+00   2.0800000e+02
  -2.7767347e+00  -2.0015928e-01   2.6459570e+00   2.0900000e+02
  -7.4037745e-01  -3.8028019e-01   2.5217180e+00   2.1000000e+02
  -2.5487887e-01  -2.7483802e+00  -4.4854486e-02   2.1100000e+02
  -2.8758269e+00  -5.7261917e-01   3.1824488e-01   2.1200000e+02
  -4.1233054e+00   3.1557695e-01  -1.6935828e+00   2.1300000e+02
  -1.7952887e+00  -7.0960178e-01  -2.3338137e-01   2.1400000e+02
  -6.2952532e-01  -1.0040557e+00   3.1735821e-01   2.1500000e+02
  -1.8037041e+00   2.7605139e+00   2.6117097e-01   2.1600000e+02
  -7.2427247e-01  -1.2616718e-01  -1.2541824e-01   2.1700000e+02
   2.6719682e+00   7.7828003e-01   9.5604192e-01   2.1800000e+02
   7.6169315e-01  -3.5531717e-01   8.8517712e-01   2.1900000e+02
  -2.7160824e+00   5.8397154e-01  -4.5583071e-01   2.2000000e+02
  -1.3541861e+00   5.9820654e-01   9.5890536e-01   2.2100000e+02
  -1.0362593e-01  -9.2294296e-01   1.6465544e+00   2.2200000e+02
   1.0572151e+00  -1.2566590e-01   1.5767462e+00   2.2300000e+02
  -2.5007865e-01  -1.4895095e+00   3.0229954e-01   2.2400000e+02
  -7.0946558e-01   3.3440504e-02   1.0081365e+00   2.2500000e+02
   4.6570516e-01   1.7510317e+00   2.0219599e+00   2.2600000e+02
  -5.0744486e-01  -4.1588197e-01   1.1770517e+00   2.2700000e+02
  -6.9470354e-01  -6.0309007e-01   3.5287486e-01   2.2800000e+02
  -1.1186680e+00   1.3093156e+00   9.1636322e-01   2.2900000e+02
  -3.3051883e+00   5.1332117e-01   2.5235326e-02   2.3000000e+02
  -1.0961307e+00   3.0756349e-02   1.2217776e+00   2.3100000e+02
  -5.8885356e-01  -1.5882646e+00   7.9570026e-01   2.3200000e+02
  -5.6182660e-01  -1.9795112e-01   5.8367582e-01   2.3300000e+02
   1.6295895e+00  -1.0750135e+00   1.9893672e+00   2.3400000e+02
   2.8059906e-01   1.1932282e+00   2.2709297e+00   2.3500000e+02
  -4.0053285e-01  -4.6304313e-01   1.0672126e+00   2.3600000e+02
  -8.8513386e-01  -6.6050030e-01   8.8741362e-01   2.3700000e+02
  -4.8506490e-02  -1.7534609e-01   1.1083065e+00   2.3800000e+02
   2.1093155e+00   4.8881600e-01   1.9380850e+00   2.3900000e+02
   5.5301159e-01  -3.7376889e-02   1.2044782e+00   2.4000000e+02
  -2.9302834e+00  -1.1049621e+00  -7.0676293e-01   2.4100000e+02
  -3.1317675e+00   1.5665455e+00  -7.3593937e-01   2.4200000e+02
  -2.3239357e+00  -8.8776017e-01   4.5156640e-01   2.4300000e+02
  -1.9929144e+00  -2.2063454e+00   1.3122812e+00   2.4400000e+02
  -3.1177282e-01  -3.4683004e+00   1.4857679e+00   2.4500000e+02
  -1.5262671e+00   1.3065975e+00   2.1847304e+00   2.4600000e+02
  -4.8911507e-01  -3.1525140e-01   1.5427645e-01   2.4700000e+02
  -3.4657794e-01   4.1403802e-01   1.4592385e+00   2.4800000e+02
   4.2411139e-01  -8.7668222e-01   1.6281977e+00   2.4900000e+02
  -5.7295292e-01  -3.3637061e-02   2.3783804e+00   2.5000000e+02
   1.1836328e+00  -2.0441165e+00   1.3339455e+00   2.5100000e+02
  -1.3688396e-01  -1.4668439e-01   1.2976063e+00   2.5200000e+02
  -1.5586861e-01   6.9105899e-01   2.0074466e+00   2.5300000e+02
   1.1050949e+00  -2.3219562e+00   2.4749961e+00   2.5400000e+02
  -2.4546344e-02  -3.3209808e-01   1.8598876e+00   2.5500000e+02
  -1.0422446e+00   7.9255902e-01   1.6099740e+00   2.5600000e+02
  -7.9069865e-01   2.8185925e-01   1.3569344e+00   2.5700000e+02
   2.6477824e+00  -1.0621781e+00   4.0559199e+00   2.5800000e+02
   1.9653092e-01  -1.9468812e+00   2.5063833e+00   2.5900000e+02
  -1.7498325e+00  -6.1767917e-01   9.0085743e-02   2.6000000e+02
  -5.2601177e+00  -7.5649313e-01   5.6544777e-01   2.6100000e+02
  -3.1776612e+00   8.7831882e-02   1.8046068e+00   2.6200000e+02
  -3.6191441e+00   1.0398867e+00   1.7470476e+00   2.6300000e+02
  -3.4376011e+00   9.9336492e-01   9.4595485e-01   2.6400000e+02
  -4.6886843e+00   8.9418890e-01   1.2632798e+00   2.6500000e+02
  -3.6192302e+00   1.6010101e+00   2.1740939e+00   2.6600000e+02
  -3.9885092e+00   2.2506799e-01   1.4394288e+00   2.6700000e+02
  -1.7260735e+00   1.3200931e+00   1.5053999e+00   2.6800000e+02
   7.5499751e-01   9.9867252e-01   1.4415859e+00   2.6900000e+02
   1.6797770e+00  -1.2953209e+00   2.3738091e-01   2.7000000e+02
   3.1393283e+00  -2.0476011e+00   4.4287743e-01   2.7100000e+02
   1.9247382e+00  -1.1483987e+00   2.0605241e+00   2.7200000e+02
   1.0516301e+00   1.6606969e+00   3.0143729e+00   2.7300000e+02
  -1.4247690e+00   1.1359098e+00   2.1707038e+00   2.7400000e+02
  -4.6450982e+00   2.9458835e+00   1.1787267e-01   2.7500000e+02
  -4.2079938e+00   3.5113310e+00   8.8967248e-01   2.7600000e+02
  -4.9218083e+00   2.2058664e+00   1.5662993e-01   2.7700000e+02
  -5.2387567e+00   1.9709674e+00   2.0573777e-01   2.7800000e+02
  -7.2092676e+00   9.3241034e-01  -1.5844458e+00   2.7900000e+02
  -3.6240584e+00   2.0217726e+00   3.9039328e-01   2.8000000e+02
  -3.5479112e+00   1.8947818e+00  -7.0106117e-01   2.8100000e+02
  -5.7391829e+00   2.1411425e+00  -1.2905628e+00   2.8200000e+02
  -4.8138370e+00  -2.1512466e+00  -9.8281059e-01   2.8300000e+02
  -5.1307950e+00  -2.0589250e+00  -1.7796640e+00   2.8400000e+02
  -4.9099445e+00  -1.4349581e+00  -1.0102954e+00   2.8500000e+02
  -4.5740695e+00  -3.3677153e-01  -1.4112556e+00   2.8600000e+02
  -6.0506330e+00  -7.1350073e-01  -2.2657107e+00   2.8700000e+02
  -1.5997790e+00  -1.2237335e+00   5.0823209e-02   2.8800000e+02
  -1.8363747e+00  -3.9452601e+00   9.8001396e-01   2.8900000e+02
  -2.8480368e+00  -3.1795375e+00   5.8766663e-01   2.9000000e+02
  -1.1328120e+00  -2.5558352e+00   1.3707290e+00   2.9100000e+02
  -5.4987726e-01  -6.0332440e-01   7.7235504e-01   2.9200000e+02
   8.2013943e-01  -1.0239886e+00   9.4726922e-01   2.9300000e+02
  -1.5538908e+00   2.9138917e-01   7.8430735e-01   2.9400000e+02
  -7.9286257e-01  -2.8783231e-03   1.6639561e-01   2.9500000e+02
   8.7722731e-01  -1.1182169e+00   1.1684846e+00   2.9600000e+02
  -5.6830408e-01   9.3947558e-02   5.2685338e-01   2.9700000e+02
  -1.1251433e+00   2.7134030e-01   3.8993793e-01   2.9800000e+02
   8.6284218e-01   1.1574931e-01   1.0688057e+00   2.9900000e+02
   1.1387200e+00  -1.3784718e+00   1.1293125e+00   3.0000000e+02
   4.1722251e-01   5.1163792e-01   8.3599544e-01   3.0100000e+02
   1.7917034e-01  -2.0817617e+00   1.1905266e+00   3.0200000e+02
  -1.1371101e+00   8.4849119e-01   4.2131433e-01   3.0300000e+02
  -2.9923671e+00   4.3412986e-01  -1.0814080e-01   3.0400000e+02
  -2.3676949e+00  -7.3769209e-01  -5.5643198e-01   3.0500000e+02
  -2.1530201e+00   1.2685126e+00   2.9239926e-01   3.0600000e+02
  -2.4814846e+00   5.7513482e-02  -2.7924244e-01   3.0700000e+02
  -2.3890374e+00   2.7408751e+00  -1.8814949e-01   3.0800000e+02
   1.3656474e+00   5.6041613e-01   1.5196397e+00   3.0900000e+02
   5.4031541e-02  -1.0365691e-01   1.5625915e+00   3.1000000e+02
  -2.4152430e+00   1.0614405e+00   5.9606330e-01   3.1100000e+02
  -3.2016258e+00   8.6994442e-02   1.8845171e-01   3.1200000e+02
  -2.1390520e+00   2.3626615e+00   6.3688174e-01   3.1300000e+02
  -2.6865434e+00   2.7548287e+00   1.2006951e+00   3.1400000e+02
  -5.4413002e+00   2.7640610e+00  -7.9032479e-02   3.1500000e+02
  -4.1489959e+00   3.5000133e-01   9.6103268e-01   3.1600000e+02
  -3.9635308e+00   8.3943245e-01  -2.2166599e-01   3.1700000e+02
  -3.3207919e+00   6.3134499e-01   1.2071393e-01   3.1800000e+02
  -3.8411131e+00   9.1910867e-01   8.9515138e-01   3.1900000e+02
  -4.2447736e+00  -3.9442153e-01  -2.9672662e-01   3.2000000e+02
  -3.8769049e+00   6.7142719e-01   2.1706497e-02   3.2100000e+02
  -6.9293801e+00   1.1388398e+00  -1.2237406e+00   3.2200000e+02
  -4.1902352e+00  -7.1585490e-01   1.0688758e+00   3.2300000e+02
  -3.1890938e+00  -9.7160181e-01  -3.5310263e-01   3.2400000e+02
  -9.9217434e-01  -3.0558339e+00   1.2720821e+00   3.2500000e+02
  -2.8737432e+00  -5.1837017e-01   1.9434168e+00   3.2600000e+02
  -2.0033662e+00  -1.9533380e+00   1.6858068e+00   3.2700000e+02
  -4.5645270e+00   3.0657935e+00   1.2320561e+00   3.2800000e+02
  -6.9395533e+00   3.0562816e+00  -1.3673927e+00   3.2900000e+02
  -7.5544906e+00   3.7776354e+00  -6.9849378e-01   3.3000000e+02
  -3.4231044e+00  -1.0503824e-01   1.9052947e+00   3.3100000e+02
  -4.4971289e-01  -3.0947093e+00   1.5960180e+00   3.3200000e+02
  -9.2452626e-01  -2.6326401e+00   1.8113596e+00   3.3300000e+02
  -4.4252904e-01  -2.7240764e+00   2.3323135e+00   3.3400000e+02
  -1.2037606e+00  -4.0000823e+00   1.6237301e-01   3.3500000e+02
  -1.8400436e+00  -3.5647306e+00   1.3198967e+00   3.3600000e+02
  -4.3305624e+00  -2.9571600e+00   1.1985561e-02   3.3700000e+02
  -4.9392146e+00  -2.6482679e+00  -3.5750890e-01   3.3800000e+02
  -5.5923476e+00  -1.5616856e+00  -1.2016717e+00   3.3900000e+02
  -6.1229118e+00  -2.7946970e+00  -1.8918422e+00   3.4000000e+02
  -7.0660687e+00  -4.4550709e+00  -3.6873628e+00   3.4100000e+02
  -6.8748301e+00  -2.1488175e+00  -9.9749471e-01   3.4200000e+02
  -6.6871118e+00  -4.0964100e+00  -8.6473627e-01   3.4300000e+02
  -6.1696378e+00  -3.4587176e+00  -2.5382771e+00   3.4400000e+02
  -6.2444322e+00  -3.8680668e+00  -2.9657663e+00   3.4500000e+02
  -8.1367106e+00  -3.7129987e+00  -2.4817525e+00   3.4600000e+02
  -4.9998738e+00  -2.4959835e+00  -9.3588927e-01   3.4700000e+02
  -5.2948041e+00  -3.1218884e+00   4.3040707e-03   3.4800000e+02
  -5.5489067e+00  -3.1652438e+00  -9.0334410e-01   3.4900000e+02
  -6.2648894e+00  -2.6879180e+00  -2.2672843e+00   3.5000000e+02
  -6.8372932e+00  -3.3688747e+00  -1.9293355e+00   3.5100000e+02
  -5.0689085e+00  -3.8132198e-01   6.8427823e-01   3.5200000e+02
  -4.4135779e+00  -1.4435612e-01   2.2653773e+00   3.5300000e+02
  -3.7138924e+00   1.6364768e+00   3.9261936e+00   3.5400000e+02
  -2.3027325e+00   9.7140325e-01   3.6871328e+00   3.5500000e+02
  -4.9595706e+00   3.4180729e+00   2.0624959e+00   3.5600000e+02
  -3.4551932e+00   1.5408383e+00   3.0314650e+00   3.5700000e+02
  -3.3513633e+00   1.1656427e+00   2.4990789e+00   3.5800000e+02
  -2.1955560e+00  -3.8098630e-01   2.5732008e+00   3.5900000e+02
  -1.4653435e+00  -8.2042009e-01   3.5696619e+00   3.6000000e+02
  -1.6296627e+00  -9.5130787e-01   3.0025659e+00   3.6100000e+02
  -2.5890894e+00  -1.5163446e+00   2.1352149e+00   3.6200000e+02
  -1.2125701e+00  -8.7283929e-01   2.8033434e+00   3.6300000e+02
  -3.8644701e+00  -2.4561051e+00   2.0083911e+00   3.6400000e+02
  -2.5266351e+00   5.2336950e-02   3.5820575e+00   3.6500000e+02
  -3.0867995e+00  -1.8755142e+00   2.4232881e+00   3.6600000e+02
  -5.0139576e+00   2.0417792e+00   1.9200779e+00   3.6700000e+02
  -3.7371676e+00   9.5012785e-01   2.5806705e+00   3.6800000e+02
  -3.9784908e+00  -3.9948200e-01   2.1139018e+00   3.6900000e+02
  -2.7675890e+00  -3.7049201e-01   3.0492312e+00   3.7000000e+02
  -2.7078576e+00  -7.7998729e-01   3.0407897e+00   3.7100000e+02
  -6.6383545e-01  -3.1756603e-01   3.3733314e+00   3.7200000e+02
  -2.1031383e+00  -4.0969744e-01   3.5008084e+00   3.7300000e+02
  -4.7384226e+00   3.2774110e-01   2.1612554e+00   3.7400000e+02
  -5.0381996e+00   1.8458291e+00   2.7963726e+00   3.7500000e+02
  -5.4938206e+00   3.2104415e+00   2.0185311e+00   3.7600000e+02
  -5.3033191e+00   2.1343188e+00   1.7350836e+00   3.7700000e+02
  -3.4323982e+00   4.6825188e-01   2.9215450e+00   3.7800000e+02
  -5.8863562e+00   7.0389591e-01   2.0493356e+00   3.7900000e+02
  -2.2738007e+00  -8.7745123e-03   4.4914049e+00   3.8000000e+02
   8.1135335e-01  -1.7931612e-01   3.6677037e+00   3.8100000e+02
  -8.4724220e-01  -1.2702131e+00   3.2990169e+00   3.8200000e+02
  -3.8267412e-01  -7.3845172e-02   2.7824681e+00   3.8300000e+02
   9.7319245e-01   1.5318517e-01   3.6971361e+00   3.8400000e+02
  -4.2390702e+00   4.7706810e-01   1.7098332e+00   3.8500000e+02
  -6.2317905e+00   8.4346419e-02   1.7304029e-01   3.8600000e+02
  -2.3561604e+00   1.8928123e+00   3.7756107e+00   3.8700000e+02
  -2.3799021e+00   5.9091940e-01   3.5072396e+00   3.8800000e+02
  -3.2000499e+00   2.8770658e+00   2.4027150e+00   3.8900000e+02
  -5.1098977e+00   3.3920324e+00   2.3121414e+00   3.9000000e+02
  -1.3196989e+00   2.5434276e+00   3.5706082e+00   3.9100000e+02
  -2.4941572e+00   1.6865563e+00   2.2154814e+00   3.9200000e+02
  -1.6888055e+00   1.0758935e+00   3.4868105e+00   3.9300000e+02
  -2.3709730e+00  -1.4276540e+00   3.0965084e+00   3.9400000e+02
  -2.8177191e+00  -2.2371597e-01   2.9650948e+00   3.9500000e+02
  -2.9364580e+00   1.6922486e+00   3.7365209e+00   3.9600000e+02
  -2.5934402e+00   4.2350560e-01   2.4229282e+00   3.9700000e+02
  -2.7858913e+00   6.7718836e-01   3.6210084e+00   3.9800000e+02
  -1.5506596e+00   7.1798163e-01   3.4413747e+00   3.9900000e+02
  -2.5962136e+00   1.6793623e+00   2.3568913e+00   4.0000000e+02
  -1.2654822e+00   1.9980935e-01   2.8794984e+00   4.0100000e+02
  -2.2220318e+00   4.1301489e-02   3.5820212e+00   4.0200000e+02
  -1.8711075e+00  -7.0449755e-01   3.7323456e+00   4.0300000e+02
  -4.0237693e+00   4.4713037e+00   1.5527166e+00   4.0400000e+02
  -4.3865884e+00   2.4049242e+00   2.7045119e+00   4.0500000e+02
  -1.9856719e+00   1.8582968e+00   3.6825106e+00   4.0600000e+02
  -5.5173201e+00   2.7238708e+00   2.0320837e+00   4.0700000e+02
  -4.0667353e+00   8.6629027e-02   2.4094479e+00   4.0800000e+02
  -2.9964580e+00  -5.8639403e-03   3.2811242e+00   4.0900000e+02
  -4.8333917e+00  -4.3400546e-01   1.5167816e+00   4.1000000e+02
  -4.7350341e+00   9.8985985e-01   2.7181478e+00   4.1100000e+02
  -2.5141741e+00  -6.8749209e-01   3.1193876e+00   4.1200000e+02
  -1.0812993e+00   6.4107728e-01   3.6266080e+00   4.1300000e+02
  -2.7022725e-01   6.9033941e-02   4.0194597e+00   4.1400000e+02
   6.9667050e-01  -9.3520095e-01   4.3175469e+00   4.1500000e+02
  -4.0337767e-01   4.9930525e-01   5.6982575e+00   4.1600000e+02
  -2.3127508e-01   2.1787603e+00   5.7317496e+00   4.1700000e+02
  -2.9012006e+00   2.1657298e+00   4.7286820e+00   4.1800000e+02
   8.9361353e-01  -3.3061547e-01   4.7269625e+00   4.1900000e+02
   1.9114761e-02  -1.3839697e+00   4.4386010e+00   4.2000000e+02
  -3.2572605e+00   3.1441128e-03   3.0145491e+00   4.2100000e+02
  -7.2106804e-01  -7.8018165e-02   4.6242026e+00   4.2200000e+02
  -2.3889243e+00   1.5456035e+00   4.3493897e+00   4.2300000e+02
  -2.2011148e+00   9.7744158e-01   5.1381746e+00   4.2400000e+02
  -3.1162619e+00   1.7714387e+00   3.6890122e+00   4.2500000e+02
  -2.6734272e+00   1.9842588e+00   4.2815128e+00   4.2600000e+02
  -2.2521920e+00   6.2935222e-01   4.7680714e+00   4.2700000e+02
  -3.2251984e+00   2.3917794e+00   4.3605830e+00   4.2800000e+02
  -2.2165822e-01   5.1823364e+00   5.3507923e+00   4.2900000e+02
  -9.1799870e-01   2.7161778e+00   4.9787814e+00   4.3000000e+02
   1.9446852e+00   3.4479949e+00   6.1772454e+00   4.3100000e+02
   1.1867842e+00   2.6758313e+00   5.8038491e+00   4.3200000e+02
  -1.0282256e+00   1.9419361e+00   4.6202152e+00   4.3300000e+02
   1.2459213e-01  -2.9182415e-01   2.5777571e+00   4.3400000e+02
  -4.1974411e-01   4.9608567e-01   3.2188060e+00   4.3500000e+02
  -2.8101810e+00   9.4940187e-01   1.2973891e+00   4.3600000e+02
  -1.8733662e+00  -6.9151242e-02   2.4484276e+00   4.3700000e+02
  -1.7160954e-01   3.8716266e-01   3.8538508e+00   4.3800000e+02
   3.6209155e-01  -2.5606840e-01   3.3231938e+00   4.3900000e+02
   1.3576716e+00  -1.8966834e+00   4.2016564e+00   4.4000000e+02
  -1.8592907e-01  -2.3180789e+00   3.5987562e+00   4.4100000e+02
   1.7814227e+00  -1.8143416e-01   4.2355760e+00   4.4200000e+02
   3.7518694e+00  -3.1284988e+00   4.8432742e+00   4.4300000e+02
   2.3456465e+00  -2.2670244e+00   5.0264486e+00   4.4400000e+02
   1.0591776e+00   6.7185397e-01   5.8470541e+00   4.4500000e+02
  -7.8842153e-01  -6.2876836e-01   3.3898206e+00   4.4600000e+02
   1.4195173e+00   2.9594589e-01   3.1095479e+00   4.4700000e+02
   6.4743240e-01  -5.5732621e-01   2.9789691e+00   4.4800000e+02
   1.1424432e+00  -1.4127767e+00   2.9205847e+00   4.4900000e+02
   2.6125159e+00  -2.5094289e+00   5.6498338e+00   4.5000000e+02
   2.6284527e+00  -2.5986412e+00   4.1423360e+00   4.5100000e+02
   1.9593492e+00  -1.8069120e+00   4.3310219e+00   4.5200000e+02
  -1.9069533e+00   2.4346406e-01   2.0610104e+00   4.5300000e+02
  -4.7605115e+00  -1.7024527e+00   1.7967707e+00   4.5400000e+02
  -2.2386961e+00  -1.8737403e+00   3.0063963e+00   4.5500000e+02
   1.3176994e+00   1.9266975e+00   5.6361208e+00   4.5600000e+02
   1.5263312e-01  -4.5881590e-01   4.0197671e+00   4.5700000e+02
  -2.2349975e+00   2.3612707e-01   1.9033352e+00   4.5800000e+02
  -7.7557886e-01  -1.2208802e-01   3.3449011e+00   4.5900000e+02
  -2.1248388e-01  -1.3913393e+00   3.9052463e+00   4.6000000e+02
  -2.1988863e+00  -1.4868518e+00   1.8202265e+00   4.6100000e+02
  -9.8874382e-01  -2.2067575e+00   2.8162886e+00   4.6200000e+02
  -2.1646595e+00  -1.4936750e+00   2.1264903e+00   4.6300000e+02
  -2.0421005e-02   1.6595147e-01   4.1364774e+00   4.6400000e+02
  -3.4366202e+00   2.6769308e-01   2.6399066e+00   4.6500000e+02
  -1.3251006e+00  -3.8641713e-01   3.2045837e+00   4.6600000e+02
  -3.2536738e-01  -9.6175388e-01   3.0407766e+00   4.6700000e+02
  -4.8428250e+00  -1.2328468e+00   1.2850138e+00   4.6800000e+02
  -5.3014949e+00  -3.5705812e-01   1.7762091e+00   4.6900000e+02
  -6.1188537e+00  -1.3349078e+00   8.8242373e-01   4.7000000e+02
  -3.1825111e+00  -3.5647892e-01   4.3452945e+00   4.7100000e+02
  -3.0515066e+00  -8.0117814e-02   3.9187203e+00   4.7200000e+02
  -3.2925873e+00   1.2714480e+00   3.6697235e+00   4.7300000e+02
  -1.6957394e+00   5.7043738e-01   4.2644387e+00   4.7400000e+02
  -1.8320138e+00  -9.8251538e-01   2.9439284e+00   4.7500000e+02
   1.1715233e+00  -1.9477653e+00   3.4468199e+00   4.7600000e+02
  -1.5881980e+00  -1.3451093e+00   2.9855967e+00   4.7700000e+02
  -2.0167530e+00  -1.7952669e+00   2.2876126e+00   4.7800000e+02
   2.1950866e-01  -1.7802708e+00   3.2814233e+00   4.7900000e+02
   3.4100749e-01  -6.6268906e-01   2.9627296e+00   4.8000000e+02
   3.6779620e+00  -6.4246383e+00   3.0492563e+00   4.8100000e+02
   1.7545108e+00  -4.2003693e+00   2.5533035e+00   4.8200000e+02
   3.5935529e+00  -3.8269330e+00   3.1359241e+00   4.8300000e+02
   1.9610766e+00  -4.6457670e+00   2.0973004e+00   4.8400000e+02
   3.5213258e+00  -2.7364182e+00   4.2615930e+00   4.8500000e+02
   2.2333566e+00  -4.1971521e+00   2.4155640e+00   4.8600000e+02
   4.1194138e+00  -3.7679192e+00   3.1987919e+00   4.8700000e+02
   3.9652647e+00  -3.7161519e+00   4.1654977e+00   4.8800000e+02
   5.1661462e+00  -1.3981723e+00   5.7465941e+00   4.8900000e+02
   4.4865967e+00  -3.3387478e+00   3.2359658e+00   4.9000000e+02
   4.5353199e+00  -2.2179345e+00   3.7890686e+00   4.9100000e+02
   3.9849567e+00  -2.5298831e+00   4.5679719e+00   4.9200000e+02
   1.1634547e+00  -5.8240096e+00   2.8751736e+00   4.9300000e+02
   4.8769058e-01  -2.6847359e+00   2.0498026e+00   4.9400000e+02
   3.6361668e+00  -2.0231718e+00   3.6373976e+00   4.9500000e+02
   2.4987005e+00  -2.9064020e+00   3.8862700e+00   4.9600000e+02
   1.9925412e+00  -5.0405702e+00   2.7314073e+00   4.9700000e+02
   1.9666824e+00  -4.3670576e+00   2.8248046e+00   4.9800000e+02
   2.8559495e+00  -3.5708234e+00   3.0613918e+00   4.9900000e+02
   2.1960029e+00  -4.1587821e-01   4.4658394e+00   5.0000000e+02
   2.0976365e+00  -1.8380201e+00   3.8095338e+00   5.0100000e+02
   1.1788517e+00  -1.6596108e+00   2.4462454e+00   5.0200000e+02
   1.6542324e+00  -2.3917727e+00   2.8962577e+00   5.0300000e+02
   2.8605843e+00  -1.0526289e+00   4.2604084e+00   5.0400000e+02
   1.8392240e+00  -1.4301486e+00   3.2454037e+00   5.0500000e+02
   6.3597621e-01  -2.4309985e-01   3.9347674e+00   5.0600000e+02
   2.8493211e+00  -1.8076276e+00   4.6022030e+00   5.0700000e+02
  -1.8400817e-01  -1.1725897e-01   1.7687904e+00   5.0800000e+02
   5.0390420e-01   4.4671664e-01   5.0543449e+00   5.0900000e+02
   2.9844593e+00   2.3697964e+00   4.9071284e+00   5.1000000e+02
   2.2141203e+00   4.4160742e+00   5.6167363e+00   5.1100000e+02
   2.2391120e+00   4.3938154e+00   6.2094111e+00   5.1200000e+02
   1.6096441e+00   6.4698204e+00   6.4033254e+00   5.1300000e+02
   1.9384680e+00   6.4643365e+00   6.3919773e+00   5.1400000e+02
  -1.5705332e+00   5.6945011e+00   4.6825787e+00   5.1500000e+02
   1.1863978e+00   5.4976690e+00   4.1792479e+00   5.1600000e+02
   2.2973411e+00   3.3124596e+00   4.7189683e+00   5.1700000e+02
   5.4895643e+00   4.3572935e+00   5.5666117e+00   5.1800000e+02
   3.1749281e+00   2.6489369e+00   4.9995143e+00   5.1900000e+02
   9.5791924e-01   3.7941191e+00   4.5482864e+00   5.2000000e+02
   1.8984067e+00  -4.7696837e-01   3.6676205e+00   5.2100000e+02
   9.2698413e-01   1.0251592e+00   4.3236757e+00   5.2200000e+02
   1.2748188e+00   2.8055387e-01   4.1497932e+00   5.2300000e+02
   3.5928004e-02   1.2892068e+00   3.1130647e+00   5.2400000e+02
  -3.0795062e+00   5.2724312e-01   4.1486318e+00   5.2500000e+02
  -2.3006732e+00   2.0930293e+00   3.2804286e+00   5.2600000e+02
  -2.0900781e+00   2.0817780e-01   2.8395170e+00   5.2700000e+02
  -4.1821125e+00   7.6802185e-01   2.4032123e+00   5.2800000e+02
  -4.7728416e+00   2.6623479e-01   2.1824012e+00   5.2900000e+02
  -5.3120236e+00   1.2707899e+00   1.6103542e+00   5.3000000e+02
  -8.8554156e+00   5.7489249e-01   7.3919796e-01   5.3100000e+02
  -9.2334167e+00   1.4428367e+00  -4.9795949e-01   5.3200000e+02
  -7.2313221e+00  -9.4747976e-03   1.6643256e+00   5.3300000e+02
  -6.0979675e+00  -8.0497336e-01   1.0617767e+00   5.3400000e+02
  -4.8441682e+00  -7.5112774e-02   2.4032743e-01   5.3500000e+02
  -6.6750788e+00  -1.5718056e-02  -4.2877204e-01   5.3600000e+02
  -9.3973255e+00  -7.3008863e-01  -1.8091865e+00   5.3700000e+02
  -1.0051044e+01  -9.5685319e-01  -1.3859553e+00   5.3800000e+02
  -8.3973281e+00   1.6110676e-01  -8.5727749e-01   5.3900000e+02
  -9.5350803e+00  -1.9213013e+00  -3.0758581e+00   5.4000000e+02
  -7.5439153e+00   2.3166160e-01  -6.5015871e-01   5.4100000e+02
  -9.3004244e+00  -1.5769233e+00  -1.8707701e+00   5.4200000e+02
  -9.5633609e+00  -8.7204827e-01  -2.7508187e+00   5.4300000e+02
  -9.0893224e+00   3.8096000e-01  -4.8100425e-01   5.4400000e+02
  -1.0037685e+01   1.9685164e+00  -1.1895407e+00   5.4500000e+02
  -7.4251599e+00   5.7482148e-01   1.1993099e-01   5.4600000e+02
  -8.2849212e+00   3.6285115e-01   6.8364399e-01   5.4700000e+02
  -8.9724023e+00  -5.8078234e-01  -1.8729570e+00   5.4800000e+02
  -7.9679749e+00  -4.2736724e-01  -6.6269052e-01   5.4900000e+02
  -6.8874960e+00  -6.2459407e-01  -9.1841221e-01   5.5000000e+02
  -6.8699476e+00  -1.6760563e+00  -4.8616436e-01   5.5100000e+02
  -8.9406741e+00  -2.3728823e+00  -1.9816973e+00   5.5200000e+02
  -7.3914280e+00  -1.2553357e+00  -1.6971965e+00   5.5300000e+02
  -6.5794504e+00  -3.2896109e+00  -1.1363216e+00   5.5400000e+02
  -7.9217380e-01  -2.4271091e+00  -3.8144057e-01   5.5500000e+02
  -2.5550621e+00  -3.3233316e+00  -1.6249238e+00   5.5600000e+02
  -5.0654588e+00  -1.7335116e+00   3.8858345e-01   5.5700000e+02
   9.9636997e-01  -5.2360758e+00   6.7573525e-01   5.5800000e+02
   9.6552468e-01  -2.2965635e+00   1.7508503e+00   5.5900000e+02
   3.5623748e-01  -2.9428302e+00   2.9751085e-01   5.6000000e+02
   3.0233400e+00  -1.7387341e+00   9.3085603e-01   5.6100000e+02
   1.5065521e+00  -3.2631889e+00   9.7390868e-01   5.6200000e+02
   3.9817114e+00  -3.7279737e+00   1.8936984e+00   5.6300000e+02
   7.0270316e-01  -1.4100706e+00   1.4838783e+00   5.6400000e+02
   2.8542350e+00  -3.3309705e+00   1.2313717e+00   5.6500000e+02
   1.4834309e+00  -2.0811564e+00   2.3130822e-01   5.6600000e+02
   2.4187154e+00  -1.5909169e+00   1.0656634e-01   5.6700000e+02
   1.3133119e+00  -1.8458035e+00   4.0111380e-01   5.6800000e+02
   1.8408688e+00   3.8950578e-02   3.6462061e-01   5.6900000e+02
   1.7202920e+00   1.5978268e+00   1.9739351e+00   5.7000000e+02
  -2.4400931e+00  -2.5217980e+00  -1.8033278e-01   5.7100000e+02
  -2.2163123e+00  -4.3186370e+00  -1.7247819e+00   5.7200000e+02
  -2.2545925e+00  -2.7413362e+00  -2.4097183e+00   5.7300000e+02
  -4.9442933e+00  -3.4920461e+00  -2.2415779e+00   5.7400000e+02
  -4.7326663e+00  -2.0758536e+00  -2.1530100e+00   5.7500000e+02
  -4.8333293e+00  -3.1336565e-01  -3.5018637e-01   5.7600000e+02
  -2.7370347e+00  -1.7988142e+00  -8.1282562e-01   5.7700000e+02
  -3.8920072e+00  -2.0064124e+00  -7.5243251e-01   5.7800000e+02
  -4.6085609e-01  -3.9127831e+00   2.3127802e-01   5.7900000e+02
  -1.7678157e+00  -1.9067879e+00   7.5401991e-01   5.8000000e+02
   2.9396580e-01  -1.2327321e+00   4.1743630e-01   5.8100000e+02
   2.5817435e-02  -3.5962607e+00  -3.3940824e-01   5.8200000e+02
   2.0342264e+00  -2.3720833e+00  -3.5101426e-01   5.8300000e+02
   2.5642639e+00  -2.0868146e+00   6.7628116e-01   5.8400000e+02
   1.7903691e+00  -1.6722529e+00   2.6146847e-01   5.8500000e+02
   1.6202699e+00  -1.8112170e+00   1.6577467e+00   5.8600000e+02
   3.5311938e+00  -3.6305283e+00   7.4677962e-01   5.8700000e+02
  -3.0490871e-01  -2.8159406e+00   1.4184739e-01   5.8800000e+02
  -3.2148319e-01  -1.3708934e+00  -3.7102817e-01   5.8900000e+02
   2.2172173e+00  -1.9423293e+00  -1.5458589e-01   5.9000000e+02
   6.8744106e-01  -1.8815624e+00  -6.3231994e-01   5.9100000e+02
   1.4372463e+00  -1.2909362e+00   3.1835024e-01   5.9200000e+02
   1.5290061e+00  -2.2237900e+00   3.4340814e-01   5.9300000e+02
   7.1075230e-01  -1.7026649e+00  -4.5740478e-03   5.9400000e+02
  -2.0113586e+00  -1.4659217e+00  -2.6899902e-01   5.9500000e+02
   8.8166096e-01  -1.3987388e+00  -1.3310201e-01   5.9600000e+02
   2.4944719e+00  -3.5079892e+00   8.2467296e-01   5.9700000e+02
   2.1579243e+00  -1.9865455e+00   8.0102532e-01   5.9800000e+02
   3.0107471e-01  -2.5703705e+00  -1.5950309e-01   5.9900000e+02
   1.2323522e+00  -8.9954479e-01   1.3304090e+00   6.0000000e+02
  -1.1135713e-02  -1.4996645e+00   2.4033832e-01   6.0100000e+02
  -5.5452802e-01  -8.1246648e-01  -2.4837653e-01   6.0200000e+02
  -8.8024040e-01  -2.1994823e+00   2.3006634e-01   6.0300000e+02
  -2.8072639e-01  -2.9197966e+00   4.8382696e-01   6.0400000e+02
   3.0501784e-01  -1.6852018e+00   1.3177812e+00   6.0500000e+02
  -2.2917617e+00  -7.5549384e-01   2.3866112e-02   6.0600000e+02
  -2.3702921e+00  -6.0066589e-01   2.3450076e-01   6.0700000e+02
  -5.8384135e-01  -1.5512152e+00   7.1058311e-01   6.0800000e+02
  -2.6486190e-01  -3.4332483e-01   6.6288452e-01   6.0900000e+02
   2.9723101e+00   4.1158255e-01  -9.2022563e-01   6.1000000e+02
   1.0055972e+00  -1.9325046e+00  -6.8994791e-01   6.1100000e+02
   6.1866574e-01  -1.1016649e+00   3.9926839e-02   6.1200000e+02
  -1.3348898e-01  -1.5479522e+00   4.7353420e-01   6.1300000e+02
   1.6938380e-01  -1.6626674e+00  -6.5642721e-01   6.1400000e+02
   4.1316345e+00  -4.0898063e+00   1.7295740e+00   6.1500000e+02
   4.4578349e+00  -6.2301859e-02   2.0337582e+00   6.1600000e+02
   1.9912437e+00  -1.7886055e+00   6.4545522e-01   6.1700000e+02
   2.2769836e+00  -1.6279930e+00   1.6513081e+00   6.1800000e+02
   8.3838219e-01  -2.5261149e+00   8.5525200e-01   6.1900000e+02
  -4.4534584e-01  -2.5439366e+00  -7.3340012e-01   6.2000000e+02
   2.0274112e+00  -1.5546674e+00   1.1675725e+00   6.2100000e+02
   1.0232602e+00  -1.2737911e+00  -1.2795163e-01   6.2200000e+02
  -2.8457788e-01  -1.7897474e+00  -1.1523489e+00   6.2300000e+02
   6.0158794e-01  -9.6308676e-01   6.3900051e-01   6.2400000e+02
   4.3942217e+00  -3.1041490e+00   1.0761903e+00   6.2500000e+02
   4.3833248e+00  -2.1640745e+00   1.0783255e+00   6.2600000e+02
   2.8697489e+00  -2.3175469e+00   9.2170734e-02   6.2700000e+02
   2.5215190e-01  -2.4909554e+00  -5.8542452e-01   6.2800000e+02
   2.1703474e+00  -1.3966208e+00  -7.1990607e-01   6.2900000e+02
  -5.1784620e-01  -2.1726319e+00  -6.7091788e-01   6.3000000e+02
  -1.2464235e+00  -2.6171817e+00  -1.2406669e+00   6.3100000e+02
   2.1613274e+00  -2.0454157e+00  -2.1446247e-01   6.3200000e+02
   9.1009179e-01  -1.3002562e+00  -6.5504950e-01   6.3300000e+02
   4.1795869e-02   1.6141530e-01  -9.5651023e-01   6.3400000e+02
  -4.2489450e-01  -3.0253551e-01  -2.7533480e-01   6.3500000e+02
   3.4424048e-01  -1.8609621e+00   5.8650662e-04   6.3600000e+02
   1.3807952e+00  -1.2214321e+00   3.6958984e-01   6.3700000e+02
   1.4532255e+00  -7.8374005e-01  -1.4550278e-01   6.3800000e+02
   4.0553157e-01  -2.7100980e+00  -1.3518579e+00   6.3900000e+02
  -9.1218868e-02  -3.9015732e-01  -4.3527512e-01   6.4000000e+02
   1.1744761e+00  -1.5726717e+00  -6.9776331e-01   6.4100000e+02
  -1.8874183e+00  -1.7859219e+00  -3.2313923e-01   6.4200000e+02
   4.5223336e-01   1.6150136e+00   3.2901411e-02   6.4300000e+02
   1.6543506e-01   6.8756564e-01  -1.1331797e+00   6.4400000e+02
  -1.9036326e+00   3.0864184e+00   5.9693121e-01   6.4500000e+02
   3.4888485e-01   5.0475635e+00  -1.2405998e+00   6.4600000e+02
   1.0723305e+00   3.2401707e+00  -1.5323488e+00   6.4700000e+02
  -2.7828236e+00   1.4333733e+00  -1.6201394e+00   6.4800000e+02
  -1.0669555e+00  -3.3881269e+00  -2.4270412e+00   6.4900000e+02
   4.8884604e-02  -2.8815738e+00   1.1149270e-01   6.5000000e+02
  -1.8336951e+00  -1.8951937e+00  -4.2306587e-01   6.5100000e+02
  -6.4689718e+00   6.2383467e-01  -2.8717914e+00   6.5200000e+02
  -6.2663521e+00  -1.3452518e+00  -1.3842355e+00   6.5300000e+02
  -7.7929868e+00   3.6715416e+00  -2.2009739e+00   6.5400000e+02
  -5.7391999e+00   2.8973287e+00  -1.9801265e+00   6.5500000e+02
  -7.2384016e+00   3.2580475e+00  -3.5275595e+00   6.5600000e+02
  -8.6139493e+00   5.0831192e+00  -3.3425200e+00   6.5700000e+02
  -1.0723695e+01   4.9794657e+00  -2.9149933e+00   6.5800000e+02
  -1.0119869e+01   6.1412296e+00  -4.0383743e+00   6.5900000e+02
  -9.4523032e+00   3.6448807e+00  -3.3020501e+00   6.6000000e+02
  -7.0495230e+00   3.0319189e+00  -2.5547972e+00   6.6100000e+02
  -5.2749883e+00   2.8967673e+00  -1.2080391e+00   6.6200000e+02
  -7.7155054e+00   4.0812846e+00  -1.9459608e+00   6.6300000e+02
  -8.7563150e+00   3.5697566e+00  -2.6430512e+00   6.6400000e+02
  -7.9196530e+00   4.9327627e+00  -1.2399246e+00   6.6500000e+02
  -9.7845796e+00   5.0821342e+00  -2.7688459e+00   6.6600000e+02
  -8.4328042e+00   6.6547165e+00  -2.1651256e+00   6.6700000e+02
  -9.5355432e+00   6.2460826e+00  -3.0920727e+00   6.6800000e+02
  -9.5337038e+00   5.4737212e+00  -3.3279978e+00   6.6900000e+02
  -9.5377827e+00   2.7378870e+00  -2.5295681e+00   6.7000000e+02
  -8.0933055e+00   2.9970285e+00  -2.6058246e+00   6.7100000e+02
  -8.7602799e+00   4.0986818e+00  -3.5575524e+00   6.7200000e+02
  -7.7739724e+00   4.3503698e+00  -2.6318107e+00   6.7300000e+02
  -8.5189525e+00   2.5410290e+00  -3.2698138e+00   6.7400000e+02
  -9.3627911e+00   4.4334862e+00  -3.7915610e+00   6.7500000e+02
  -6.5312954e+00   2.9582597e+00  -2.4705108e+00   6.7600000e+02
  -8.4457051e+00   2.8315065e+00  -3.1928137e+00   6.7700000e+02
  -8.7267651e+00   3.7324121e+00  -2.9818047e+00   6.7800000e+02
  -9.2546123e+00   2.0216486e+00  -3.4195065e+00   6.7900000e+02
  -6.9521799e+00   4.2619929e+00  -2.0087797e+00   6.8000000e+02
  -6.4510353e+00   3.2590538e+00  -2.0142798e+00   6.8100000e+02
  -7.2760211e+00   2.4709058e+00  -2.9187106e+00   6.8200000e+02
  -5.9113116e+00   1.2651904e+00  -3.1504619e+00   6.8300000e+02
  -4.0448639e+00   1.4247972e+00  -9.4287032e-01   6.8400000e+02
  -2.9986070e+00   3.4822527e+00  -8.7225028e-03   6.8500000e+02
  -7.2706939e+00   2.9955391e+00  -2.8625898e+00   6.8600000e+02
  -7.2980278e+00   3.5605517e+00  -2.0100507e+00   6.8700000e+02
  -7.2129189e+00   3.2659296e+00  -1.8751590e+00   6.8800000e+02
  -7.4186166e+00   3.6161559e+00  -1.9697850e+00   6.8900000e+02
  -6.8337635e+00   4.1581306e+00  -1.6164528e+00   6.9000000e+02
  -7.4123359e+00   4.1040749e+00  -1.2323322e+00   6.9100000e+02
  -1.0136201e+01   4.0274966e+00  -1.7211287e+00   6.9200000e+02
  -9.8480174e+00   5.4574629e+00  -2.1703217e+00   6.9300000e+02
  -9.9918328e+00   4.7971365e+00  -2.5354941e+00   6.9400000e+02
  -8.6631803e+00   3.8723869e+00  -2.3096814e+00   6.9500000e+02
  -7.7528012e+00   3.7272369e+00  -2.2247613e+00   6.9600000e+02
  -1.0121436e+01   4.8304558e+00  -2.5644378e+00   6.9700000e+02
  -7.4141394e+00   5.5196424e+00  -7.3759181e-01   6.9800000e+02
  -6.4524351e+00   3.0320588e+00  -1.4044345e+00   6.9900000e+02
  -7.1707831e+00   4.2322385e+00  -1.7643227e+00   7.0000000e+02
  -7.0374304e+00   3.6558912e+00  -1.8368694e+00   7.0100000e+02
  -1.0722696e+01   5.7279985e+00  -2.8011681e+00   7.0200000e+02
  -7.5643532e+00   4.4210503e+00  -1.9361191e+00   7.0300000e+02
  -4.9149775e+00   2.4930533e+00  -4.9890826e-01   7.0400000e+02
  -7.4298866e+00   3.5123844e+00  -1.6205773e+00   7.0500000e+02
  -6.4214627e+00   3.9561006e+00  -9.3299424e-01   7.0600000e+02
  -8.7347389e+00   5.3391281e+00  -2.2816049e+00   7.0700000e+02
  -7.6221879e+00   5.6686675e+00  -1.7624248e+00   7.0800000e+02
  -1.0079668e+01   5.4200650e+00  -2.8973373e+00   7.0900000e+02
  -1.2931292e+01   4.7301276e+00  -4.3425356e+00   7.1000000e+02
  -1.2644575e+01   6.3649369e+00  -2.6836539e+00   7.1100000e+02
  -1.2006643e+01   7.7000166e+00  -3.4258876e+00   7.1200000e+02
  -9.0026557e+00   7.2609077e+00  -1.0722626e+00   7.1300000e+02
  -1.0220652e+01   5.7007991e+00  -1.7903620e+00   7.1400000e+02
  -9.6098405e+00   6.1913248e+00  -1.7313069e+00   7.1500000e+02
  -1.1453985e+01   7.2342043e+00  -2.3541968e+00   7.1600000e+02
  -1.2614991e+01   5.6150301e+00  -2.4539432e+00   7.1700000e+02
  -1.2329467e+01   7.6164977e+00  -3.6018302e+00   7.1800000e+02
  -7.6820772e+00   7.2150973e+00  -1.4719966e+00   7.1900000e+02
  -1.0199957e+01   6.4282643e+00  -3.2505023e+00   7.2000000e+02
  -9.5466671e+00   6.9167926e+00  -1.8294158e+00   7.2100000e+02
  -7.6836202e+00   5.6405241e+00  -2.6241425e+00   7.2200000e+02
  -8.3316739e+00   6.6176737e+00  -1.7447991e+00   7.2300000e+02
  -8.8574733e+00   3.7447086e+00  -2.3991470e+00   7.2400000e+02
  -1.1540104e+01   6.5599901e+00  -3.6059611e+00   7.2500000e+02
  -7.7408816e+00   6.7539074e+00  -1.3400353e+00   7.2600000e+02
  -6.3337745e+00   7.5270897e+00   1.1273010e-01   7.2700000e+02
  -6.1085836e+00   7.2220694e+00  -1.3336997e+00   7.2800000e+02
  -7.8908260e+00   8.9206056e+00  -1.7300150e+00   7.2900000e+02
  -8.1522638e+00   7.4483266e+00  -7.3119496e-01   7.3000000e+02
  -8.3605945e+00   7.9628560e+00  -1.7005171e+00   7.3100000e+02
  -5.6896345e+00   6.8167119e+00  -1.3645991e+00   7.3200000e+02
  -4.9586902e+00   6.5904508e+00  -2.4828471e-01   7.3300000e+02
  -6.7282685e+00   7.7012367e+00  -1.3356915e+00   7.3400000e+02
  -6.3910084e+00   6.6195798e+00  -4.2122609e-01   7.3500000e+02
  -5.7396450e+00   6.4827931e+00  -8.3916719e-01   7.3600000e+02
  -8.5989234e+00   8.1080319e+00  -1.5332161e+00   7.3700000e+02
  -8.0234765e+00   6.0624511e+00  -2.5852808e+00   7.3800000e+02
  -7.5098644e+00   7.3452987e+00  -1.1388640e+00   7.3900000e+02
  -7.6477856e+00   6.1918835e+00  -2.2401593e+00   7.4000000e+02
  -6.5832263e+00   6.9118175e+00  -1.8814979e+00   7.4100000e+02
  -8.6862252e+00   5.6204129e+00  -3.4287975e+00   7.4200000e+02
  -1.0331775e+01   5.9293673e+00  -3.8359904e+00   7.4300000e+02
  -8.7968633e+00   3.9264709e+00  -2.9344427e+00   7.4400000e+02
  -6.7049930e+00   4.9686055e+00  -1.7982564e+00   7.4500000e+02
  -2.6621578e+00   3.8759210e+00   5.1021856e-01   7.4600000e+02
  -2.1809929e+00   3.0383836e+00   3.6378354e-01   7.4700000e+02
  -5.4829618e-01   3.8096358e+00  -2.7037005e-02   7.4800000e+02
  -1.2624568e+00   1.1010240e+00   1.1476785e+00   7.4900000e+02
  -2.5285477e+00   1.3902190e+00   1.0916302e+00   7.5000000e+02
  -3.2454361e+00   3.0231231e+00  -7.5886622e-01   7.5100000e+02
  -3.4493480e+00  -1.0183355e+00  -3.0385353e-01   7.5200000e+02
  -7.9784177e-01  -1.4713073e+00   1.0178160e+00   7.5300000e+02
   8.9761939e-02  -2.3964781e+00  -1.2032177e+00   7.5400000e+02
  -9.1104581e-02  -1.4852485e+00  -9.9386020e-01   7.5500000e+02
  -4.0327356e+00  -1.8591361e-01  -5.9051140e-02   7.5600000e+02
  -6.3256398e+00   2.7955824e+00  -2.2384572e+00   7.5700000e+02
  -2.7989490e+00   5.6395738e+00  -3.2103771e+00   7.5800000e+02
  -5.5759749e+00   8.3995576e-01  -2.8394429e+00   7.5900000e+02
  -3.8587249e+00   2.3585505e+00  -2.2912008e+00   7.6000000e+02
  -4.2049166e+00   2.1766180e-02  -1.6260230e-01   7.6100000e+02
  -4.5633299e+00   1.1706250e+00  -6.2952380e-01   7.6200000e+02
  -6.1915839e+00   1.8328862e+00  -8.0042619e-01   7.6300000e+02
  -5.5545071e+00  -8.7847842e-01  -4.3234494e-01   7.6400000e+02
  -3.5450566e+00   1.9463304e+00   1.5590831e-01   7.6500000e+02
  -1.2630239e+00   1.6204592e+00   3.0720696e-01   7.6600000e+02
  -4.0245958e-01  -2.9505663e-01   7.4380988e-01   7.6700000e+02
  -9.4359604e-01   3.4076168e+00   3.9892402e-01   7.6800000e+02
  -1.2318071e+00   2.5474345e+00  -1.5880171e-01   7.6900000e+02
  -2.2053518e-02   5.1399964e+00  -2.4366778e-02   7.7000000e+02
  -2.9782184e+00   3.3875345e+00  -4.4921472e-01   7.7100000e+02
  -3.3833042e-01   3.8244567e+00  -1.9950318e+00   7.7200000e+02
   2.2360643e+00   1.4199509e-01  -1.5587899e+00   7.7300000e+02
   1.6361044e+00   1.6286946e-02  -1.6600045e+00   7.7400000e+02
   2.4609476e+00   1.3819927e+00  -3.5231691e+00   7.7500000e+02
   1.7107239e+00   3.9933817e+00  -2.7613789e+00   7.7600000e+02
   6.2389898e+00   5.1608249e+00  -2.6006656e+00   7.7700000e+02
   6.5658808e+00   1.7574359e+00  -4.9898722e-01   7.7800000e+02
   4.5713654e+00   2.9074941e+00  -1.3766714e+00   7.7900000e+02
   5.9813877e+00   1.1794258e+00  -2.0007488e+00   7.8000000e+02
   5.4624106e+00   1.1141950e-01  -3.5949713e+00   7.8100000e+02
   3.2424413e+00   3.2299151e+00  -2.5641905e+00   7.8200000e+02
   3.7457806e+00   2.5443016e+00  -1.9957581e+00   7.8300000e+02
   5.4865205e+00   3.4360371e+00  -1.0829894e+00   7.8400000e+02
   6.3644257e+00   8.3154171e-01  -9.5899316e-01   7.8500000e+02
   5.3694122e+00   4.6192015e+00  -3.1843500e+00   7.8600000e+02
   1.2436884e+00   3.8737014e+00  -3.4632897e+00   7.8700000e+02
   5.0164118e+00   4.7569387e+00  -2.1914882e+00   7.8800000e+02
   5.4856778e+00   2.0633819e+00  -2.1708705e+00   7.8900000e+02
   4.0096082e+00   3.4117065e+00  -2.8000323e+00   7.9000000e+02
   3.4751041e+00   3.8908756e+00  -2.9437904e+00   7.9100000e+02
   4.8466397e+00   4.7460698e+00  -1.4310153e+00   7.9200000e+02
   7.7413204e+00   3.8436836e+00  -3.6663778e-01   7.9300000e+02
   7.5584689e+00   4.2197207e+00   7.7499285e-01   7.9400000e+02
   7.7383877e+00   4.3541080e+00  -3.3245089e-01   7.9500000e+02
   4.7689838e+00   5.3468619e+00  -2.8706264e+00   7.9600000e+02
   6.6244855e+00   3.0339461e+00  -1.5083399e+00   7.9700000e+02
   9.6232555e-01   4.2815133e+00  -2.7196646e+00   7.9800000e+02
   4.2651375e+00   2.3510839e+00  -8.5379948e-01   7.9900000e+02
   1.0334984e+00   1.3841883e+00  -6.2101207e-01   8.0000000e+02
   4.5647929e+00   2.6888389e+00  -3.0284918e+00   8.0100000e+02
   6.6465922e+00   4.2808950e+00  -2.0806432e+00   8.0200000e+02
   4.5530617e+00   1.5622886e+00  -3.2775506e+00   8.0300000e+02
   4.9068623e+00   1.8608935e+00  -2.2683010e+00   8.0400000e+02
   5.2611694e+00   2.2543029e+00  -3.7472324e-01   8.0500000e+02
   3.8191148e+00   4.4038384e+00   2.5791551e+00   8.0600000e+02
   3.7477117e+00   1.4004701e+00   2.4095055e+00   8.0700000e+02
   6.5859921e-01   1.7316964e+00   6.4268671e-01   8.0800000e+02
  -1.3364005e-01   1.8742743e+00   2.3673512e-01   8.0900000e+02
  -3.9789692e-01   3.2101543e+00   4.7715054e-01   8.1000000e+02
  -6.7028800e-01   3.3563765e+00   5.0423526e-01   8.1100000e+02
  -1.8931025e-01   2.1513285e+00  -1.0178525e-01   8.1200000e+02
  -2.4623314e+00  -6.7755263e-01  -1.5770236e+00   8.1300000e+02
  -1.6094464e+00   5.5689740e-01  -2.0110789e-01   8.1400000e+02
  -3.9322566e+00   6.0158430e-01  -7.8583848e-01   8.1500000e+02
  -3.4733043e+00  -5.7593548e-01  -8.3906756e-01   8.1600000e+02
  -1.2801244e+00   2.8162027e+00  -2.0289573e+00   8.1700000e+02
  -1.1790933e+00   4.5312664e+00  -2.0261909e+00   8.1800000e+02
   2.6163686e+00   4.8466370e+00   5.5992237e-01   8.1900000e+02
   3.4384202e-01   3.8340782e+00  -9.4727592e-01   8.2000000e+02
  -1.4300888e+00   2.8714647e+00  -1.9619393e+00   8.2100000e+02
  -1.2037601e+00   7.4950358e-01  -9.5588188e-01   8.2200000e+02
  -3.2505058e+00  -1.2824238e+00   7.4674855e-01   8.2300000e+02
   7.7032490e-01  -1.4484545e+00   2.1268905e+00   8.2400000e+02
  -8.5167338e-01   1.5397128e+00   3.0749153e-01   8.2500000e+02
  -4.2296647e+00   1.1652493e-01  -4.3761445e-01   8.2600000e+02
  -5.4860661e+00   1.9649969e+00  -7.3760200e-01   8.2700000e+02
  -2.3656692e+00   1.8306795e+00   9.7513977e-01   8.2800000e+02
  -3.1663622e+00   2.8929488e+00   2.5779368e-01   8.2900000e+02
  -8.2344194e-01   1.4856009e+00   1.3858859e+00   8.3000000e+02
  -1.8734148e+00  -8.2337960e-01   1.6530822e-01   8.3100000e+02
  -3.6345996e+00   8.9653464e-01   5.6965161e-01   8.3200000e+02
  -4.6793671e+00  -1.8379785e-01  -1.0456358e+00   8.3300000e+02
  -3.8170645e+00  -2.1638833e+00  -2.3769004e-01   8.3400000e+02
  -6.4535075e+00   3.5068327e+00  -1.0835818e+00   8.3500000e+02
  -3.9745417e+00   4.5449501e+00  -2.4725860e+00   8.3600000e+02
  -2.3906828e+00   6.0474101e+00  -1.9963213e+00   8.3700000e+02
   3.2050666e+00  -8.9954475e-01  -9.2426643e-01   8.3800000e+02
   9.7071018e-01   4.0140247e+00  -8.6924153e-01   8.3900000e+02
   8.5696539e+00   3.0045367e+00  -8.7803474e-01   8.4000000e+02
   7.7346139e+00   4.9778123e-01  -1.1872697e+00   8.4100000e+02
   8.2450743e+00   2.5880469e+00  -2.7587044e-01   8.4200000e+02
   9.4258538e+00  -7.5694356e-01  -8.1776259e-01   8.4300000e+02
   7.8515758e+00  -5.1298921e-01  -5.8231766e-01   8.4400000e+02
   9.9521390e+00  -7.8448588e-01  -4.1945386e-01   8.4500000e+02
   7.9076857e+00  -1.2734942e+00  -8.2155250e-01   8.4600000e+02
   7.2821648e+00  -2.9289735e+00   5.1158248e-02   8.4700000e+02
   7.1629780e+00  -4.8805746e+00   1.7377851e+00   8.4800000e+02
   5.9265661e+00  -3.3416379e+00  -1.1660592e-01   8.4900000e+02
   5.0754200e+00  -6.1445597e+00  -1.1444518e-01   8.5000000e+02
   4.7368012e+00  -4.4211987e+00   5.4568785e-01   8.5100000e+02
   7.1057053e+00  -3.6775049e+00   4.0017804e-01   8.5200000e+02
   1.0254617e+01  -1.5824546e+00  -9.1137041e-01   8.5300000e+02
   1.0043899e+01   8.0771201e-01  -8.4879495e-02   8.5400000e+02
   9.3219691e+00   1.3228749e+00  -9.0729121e-01   8.5500000e+02
   1.0561376e+01  -1.7308905e+00  -6.1543474e-01   8.5600000e+02
   1.0109849e+01  -1.1355796e+00   8.9117730e-01   8.5700000e+02
   9.8717286e+00   3.2397760e-01  -2.9051220e-01   8.5800000e+02
   7.5080209e+00   2.1488761e+00  -1.0484913e+00   8.5900000e+02
   2.5584473e+00   2.1416628e+00  -8.9808591e-01   8.6000000e+02
   4.1536667e+00   1.1854841e+00  -1.2966132e+00   8.6100000e+02
   4.8601082e+00  -1.0345781e+00  -5.7707943e-02   8.6200000e+02
  -5.4928379e-01   5.2156359e-01   4.1612628e-01   8.6300000e+02
  -5.1006912e+00   1.1318343e+00  -6.6367256e-01   8.6400000e+02
  -7.4622019e+00   3.1800598e+00  -1.9580779e+00   8.6500000e+02
  -1.1403500e+00   2.8194081e+00  -8.2083038e-01   8.6600000e+02
  -7.3277863e-01   2.3616133e+00   6.6978477e-01   8.6700000e+02
  -3.1044872e-01  -1.7169914e+00   1.2624372e+00   8.6800000e+02
   9.0176302e-02  -8.6588557e-01   7.6789969e-01   8.6900000e+02
  -3.9290137e+00  -1.6096927e+00  -1.3355078e+00   8.7000000e+02
  -1.6717345e+00   1.3417471e+00  -4.2121894e-01   8.7100000e+02
   9.5366626e-01   1.3933799e+00  -6.6020556e-03   8.7200000e+02
   9.3296844e-01  -8.1831451e-01  -1.1128070e+00   8.7300000e+02
   6.6252161e-01   9.2315998e-01  -1.5161584e+00   8.7400000e+02
   2.8337887e+00   3.7716171e+00  -2.9331332e+00   8.7500000e+02
   1.6148251e+00   4.6951416e+00  -2.0343873e+00   8.7600000e+02
  -2.1160865e+00   4.3425350e+00  -4.0487140e+00   8.7700000e+02
   1.3419733e+00   4.1961092e+00  -1.7191833e+00   8.7800000e+02
   1.8743513e+00   3.2197551e+00  -2.9204950e+00   8.7900000e+02
   3.5516213e+00   6.6459919e-01  -1.4374273e+00   8.8000000e+02
   1.8055837e+00   1.8539399e+00  -2.0526715e+00   8.8100000e+02
   4.3529608e+00   2.5133523e+00  -1.7242719e+00   8.8200000e+02
   1.3751904e+00   2.3967259e+00  -2.5436318e+00   8.8300000e+02
   5.2454736e+00   1.2101405e+00  -1.1507933e+00   8.8400000e+02
   7.6146889e-01   1.6285524e+00  -1.5565208e+00   8.8500000e+02
   1.7901695e-01   5.5443755e+00  -3.8305835e+00   8.8600000e+02
   1.5034470e+00   3.7556321e+00  -2.1181710e+00   8.8700000e+02
   3.6115909e+00   6.4833496e-01  -7.8901838e-01   8.8800000e+02
   2.9326168e+00   1.2053337e+00  -1.0245104e+00   8.8900000e+02
   5.2827194e+00   4.7495804e+00  -1.6247678e+00   8.9000000e+02
   6.8545307e+00   5.6017414e+00  -1.6175594e+00   8.9100000e+02
   3.4745755e+00   2.1927901e+00  -1.4146548e+00   8.9200000e+02
   8.2240764e+00   3.4898208e+00  -1.1577460e+00   8.9300000e+02
   5.9337072e+00   4.9170343e+00  -2.2719525e+00   8.9400000e+02
   4.7242299e+00   5.6793910e+00  -3.0378787e+00   8.9500000e+02
   5.0298935e+00   7.7860935e+00  -2.1139789e+00   8.9600000e+02
  -7.5891493e-01   7.4139590e+00  -2.8724345e+00   8.9700000e+02
  -9.8093810e-01   5.5526720e+00  -3.8468644e+00   8.9800000e+02
   3.5570733e+00   5.3433797e+00  -3.9719877e+00   8.9900000e+02
   5.2865900e+00   3.6883304e+00  -3.5021569e+00   9.0000000e+02
   5.0082245e+00  -8.4691926e-01  -2.4393345e+00   9.0100000e+02
   7.7204583e+00  -1.5619253e+00  -2.5642724e+00   9.0200000e+02
   1.0291538e+01   7.3752987e-01  -2.3528854e+00   9.0300000e+02
   7.2207232e+00  -1.8495539e+00  -2.3325474e+00   9.0400000e+02
   5.1123349e+00  -6.0108977e-02  -3.3713822e+00   9.0500000e+02
   2.8537676e+00   1.7231509e-01  -5.6853138e+00   9.0600000e+02
   4.7230411e+00  -1.6746908e+00  -4.1603661e+00   9.0700000e+02
   8.9144693e+00   8.4387146e-01  -3.7654816e+00   9.0800000e+02
   7.3313217e+00  -3.8844962e+00  -3.7028190e+00   9.0900000e+02
   9.9044213e+00  -2.3861524e+00  -3.0419732e+00   9.1000000e+02
   7.6998640e+00  -4.0573522e+00  -1.2862992e+00   9.1100000e+02
   8.0972797e+00  -5.9274032e-01  -3.4572899e+00   9.1200000e+02
   6.3212624e+00   1.1589345e+00  -4.1628588e+00   9.1300000e+02
   5.8076805e+00   4.7889383e+00  -3.8531333e+00   9.1400000e+02
   8.3537657e+00   2.8062063e+00  -3.1504726e+00   9.1500000e+02
   7.0950897e+00   4.3815952e+00  -4.0718116e+00   9.1600000e+02
   7.5593004e+00   2.8404612e+00  -2.7650421e+00   9.1700000e+02
   8.0414821e+00   5.3018966e+00  -2.8341417e+00   9.1800000e+02
   4.8130462e+00   9.0526396e-01  -3.9446352e+00   9.1900000e+02
   2.8352765e+00   2.0501233e+00  -4.5556380e+00   9.2000000e+02
   6.4374472e+00  -1.8245749e-02  -3.9458085e+00   9.2100000e+02
   6.6781037e+00   2.4004464e+00  -5.0535130e+00   9.2200000e+02
   9.5655574e+00  -6.6668930e-01  -3.1611480e+00   9.2300000e+02
   1.0139646e+01   3.7124313e+00  -1.5218204e+00   9.2400000e+02
   1.1028169e+01   1.4239384e+00  -2.3032326e+00   9.2500000e+02
   9.5582420e+00  -3.4585605e-01  -2.6075881e+00   9.2600000e+02
   1.0349006e+01   1.5308190e+00  -2.6838478e+00   9.2700000e+02
   9.1227615e+00   1.7601206e+00  -3.6884484e+00   9.2800000e+02
   1.1727942e+01  -1.9774622e+00  -1.6610210e+00   9.2900000e+02
   1.2058093e+01  -3.4733580e+00  -1.0504307e+00   9.3000000e+02
   1.0957272e+01  -1.1536222e+00  -1.9898156e+00   9.3100000e+02
   1.1979318e+01  -1.2512173e+00  -1.8251895e+00   9.3200000e+02
   1.1787449e+01  -3.3291762e-01  -2.1838609e+00   9.3300000e+02
   9.0455726e+00   4.8145564e+00  -1.5246673e+00   9.3400000e+02
   1.0252250e+01   2.3847341e+00  -1.9056670e+00   9.3500000e+02
   1.1225897e+01   5.7376961e-01  -1.9893933e+00   9.3600000e+02
   9.9199607e+00   2.8706121e+00  -1.7213377e+00   9.3700000e+02
   7.9076353e+00   2.1117618e+00  -3.3652439e+00   9.3800000e+02
   9.2101788e+00   1.5970289e-01  -3.0519007e+00   9.3900000e+02
   7.2924168e+00   2.7429221e-01  -3.8723993e+00   9.4000000e+02
   8.9324813e+00  -1.9098988e+00  -2.4075989e+00   9.4100000e+02
   9.8352860e+00  -1.7481648e+00  -2.7168439e+00   9.4200000e+02
   1.2851463e+01  -3.4444966e+00  -1.1889001e+00   9.4300000e+02
   1.1584784e+01   1.0308927e+00  -2.6691994e+00   9.4400000e+02
   1.0625262e+01   9.4559212e-01  -2.8333168e+00   9.4500000e+02
   9.4406683e+00  -1.3233181e-02  -2.8567007e+00   9.4600000e+02
   9.2833974e+00   5.9362774e-01  -2.7223060e+00   9.4700000e+02
   1.0868936e+01   2.8414409e+00  -2.5864870e+00   9.4800000e+02
   9.2824966e+00   3.0855749e+00  -2.5290659e+00   9.4900000e+02
   8.5220445e+00   3.2219964e+00  -2.5466968e+00   9.5000000e+02
   5.8690902e+00   4.4464104e+00  -4.8308540e+00   9.5100000e+02
   6.0016079e+00   1.2733171e+00  -3.6280890e+00   9.5200000e+02
   6.1069104e+00   5.4173191e+00  -3.9356012e+00   9.5300000e+02
   1.7924107e+00   3.4862959e+00  -5.2292276e+00   9.5400000e+02
   1.6343164e+00   6.4394410e+00  -3.3814044e+00   9.5500000e+02
   7.5642710e-01   6.1490501e+00  -4.5424828e+00   9.5600000e+02
  -6.1887559e-01   1.3703319e+00  -2.5099271e+00   9.5700000e+02
   2.6948987e-01   5.8645778e+00  -4.7786431e+00   9.5800000e+02
   2.2380741e+00   1.3063926e+00  -2.7465784e+00   9.5900000e+02
   7.1074173e+00   1.1896695e+00  -2.6226670e+00   9.6000000e+02
   9.9600799e+00   1.5238603e+00  -2.9154618e+00   9.6100000e+02
   6.7166682e+00   3.9156046e+00  -2.1926869e+00   9.6200000e+02
   9.0018185e+00   4.5444069e+00  -3.3711633e+00   9.6300000e+02
   9.9813085e+00   2.3480164e+00  -2.6322275e+00   9.6400000e+02
   7.2937306e+00   4.5203352e+00  -3.1889091e+00   9.6500000e+02
   8.8210862e+00   4.6355036e+00  -3.0773019e+00   9.6600000e+02
   6.9647284e+00   4.2248774e+00  -2.2963075e+00   9.6700000e+02
   9.1291599e+00   3.5921875e+00  -4.2057168e+00   9.6800000e+02
   8.8384150e+00   7.1552422e+00  -2.7299197e+00   9.6900000e+02
   9.2948713e+00   6.4747583e+00  -1.4589067e+00   9.7000000e+02
   1.0010978e+01   6.4874966e+00  -2.0672110e+00   9.7100000e+02
   7.9807604e+00   2.6883221e+00  -2.6059499e+00   9.7200000e+02
   7.7472306e+00   2.8776481e+00  -2.7724230e+00   9.7300000e+02
   6.3217196e+00   3.6826435e+00  -3.6891076e+00   9.7400000e+02
   8.0656505e+00   3.3342014e+00  -2.6876195e+00   9.7500000e+02
   4.6322750e+00   5.2713949e+00  -4.4945700e+00   9.7600000e+02
   4.8438540e+00   2.2588395e+00  -3.7994738e+00   9.7700000e+02
   6.1212495e+00   4.5707176e+00  -2.8544827e+00   9.7800000e+02
   7.5172310e+00   3.0696113e+00  -1.6774580e+00   9.7900000e+02
   6.8075321e+00   3.7280846e+00  -1.9388181e+00   9.8000000e+02
   2.3253666e+00   6.0999426e+00  -2.6455651e+00   9.8100000e+02
   4.3985293e+00   5.5902873e+00  -2.6179713e+00   9.8200000e+02
   3.7617243e+00   8.2766462e+00  -2.4397285e+00   9.8300000e+02
   4.4915284e+00   4.0915949e+00  -2.7928949e+00   9.8400000e+02
   6.7153922e+00   3.2642340e+00  -3.1967901e+00   9.8500000e+02
   7.9160025e+00   4.4441092e+00  -2.9565389e+00   9.8600000e+02
   6.5561521e+00   5.7742387e+00  -3.3147390e+00   9.8700000e+02
   5.4081133e+00   4.3497530e+00  -3.5977063e+00   9.8800000e+02
   7.5156235e+00   3.7625842e+00  -2.0494126e+00   9.8900000e+02
   6.4700303e+00   4.7136717e+00  -3.2719160e+00   9.9000000e+02
   8.1247272e+00   4.1911976e+00  -2.6248562e+00   9.9100000e+02
   9.6286530e+00   1.1014960e+00  -1.7400900e+00   9.9200000e+02
   9.2337979e+00  -2.0960886e+00  -2.8813922e+00   9.9300000e+02
   8.8455536e+00  -2.4838291e+00  -1.6693288e+00   9.9400000e+02
   7.3555159e+00   3.9199991e-01  -2.4917841e+00   9.9500000e+02
   6.1075951e+00   2.1837541e+00  -4.5358777e+00   9.9600000e+02
   7.7049753e+00   4.6123241e+00  -3.9294779e+00   9.9700000e+02
   8.7659981e+00   1.7424065e+00  -3.7737595e+00   9.9800000e+02
   9.1221568e+00  -9.8362436e-01  -2.3114674e+00   9.9900000e+02
   1.0688637e+01   6.3625477e-02  -1.6811276e+00   1.0000000e+03
   9.8285598e+00  -2.0777913e+00  -3.0625972e+00   1.0010000e+03
   7.6404599e+00   2.6666763e-01  -4.4052904e+00   1.0020000e+03
   7.7572031e+00   1.3319609e+00  -4.1833935e+00   1.0030000e+03
   4.5049406e+00   3.9027582e+00  -4.5856790e+00   1.0040000e+03
   6.6331352e+00   1.9424249e+00  -3.9174916e+00   1.0050000e+03
   6.2596562e+00   8.0742532e-01  -3.1547551e+00   1.0060000e+03
   5.2053339e+00   1.9032828e+00  -3.8720475e+00   1.0070000e+03
   9.5283357e+00  -7.4256352e-01  -2.7348632e+00   1.0080000e+03
   8.9809472e+00  -1.4170745e+00  -3.1837844e+00   1.0090000e+03
   7.1816247e+00  -4.2261997e-01  -3.5927706e+00   1.0100000e+03
   7.9866068e+00   1.0631097e+00  -2.5573171e+00   1.0110000e+03
   5.0880781e+00   4.2383166e+00  -2.7869628e+00   1.0120000e+03
   2.5722490e+00   4.0760881e+00  -3.5381341e+00   1.0130000e+03
   1.5442949e+00   3.6890919e+00  -2.8216706e+00   1.0140000e+03
   5.3552251e+00   3.5159819e+00  -2.6748830e+00   1.0150000e+03
   4.4985275e+00   3.2407059e+00  -2.7035746e+00   1.0160000e+03
   4.4628571e+00   1.4290967e+00  -3.4008615e+00   1.0170000e+03
   5.0197964e+00   2.6681521e+00  -4.3581898e+00   1.0180000e+03
   5.1748100e+00   4.7466338e+00  -3.6881171e+00   1.0190000e+03
   7.6801500e+00   3.5148089e+00  -2.2957048e+00   1.0200000e+03
   5.2675145e+00   3.1309542e+00  -3.2799288e+00   1.0210000e+03
   7.7365204e+00   9.3407092e-01  -3.7976205e+00   1.0220000e+03
   3.5088874e+00   2.2162907e+00  -4.3251705e+00   1.0230000e+03
   5.2460771e+00   2.4827286e+00  -3.6916379e+00   1.0240000e+03
   5.2864103e+00   3.5527230e+00  -3.7763110e+00   1.0250000e+03
   4.1704224e+00   4.7020597e+00  -2.8400068e+00   1.0260000e+03
   5.2141481e+00   3.5921433e+00  -3.2123097e+00   1.0270000e+03
   4.9185151e+00   2.1145959e+00  -2.8082026e+00   1.0280000e+03
   5.2651001e+00   4.0722194e+00  -2.2552582e+00   1.0290000e+03
   3.7969001e+00   3.4742988e+00  -2.1193909e+00   1.0300000e+03
   6.4924081e+00   2.0205987e+00  -1.8940005e+00   1.0310000e+03
   5.2928050e+00   4.4465086e+00  -3.0631202e+00   1.0320000e+03
   7.3639052e+00  -3.3512445e-01  -3.8512352e+00   1.0330000e+03
   6.8546785e+00   3.1679174e+00  -3.8043109e+00   1.0340000e+03
   1.1508759e+01  -1.2505918e+00  -1.4170244e+00   1.0350000e+03
   8.1571489e+00   3.0329177e+00  -1.4615108e+00   1.0360000e+03
   8.0596920e+00  -3.3604022e-02  -2.1339648e+00   1.0370000e+03
   9.5844469e+00   1.1235969e-01  -1.2137945e+00   1.0380000e+03
   1.0471546e+01  -2.8430745e+00  -1.9728500e+00   1.0390000e+03
   1.0825828e+01  -3.9949804e+00  -8.4158503e-01   1.0400000e+03
   1.1472433e+01  -1.7040456e+00  -2.0441987e-01   1.0410000e+03
   1.0243872e+01  -7.8018755e-01  -1.3358441e+00   1.0420000e+03
   8.7073817e+00   6.4986832e-02  -3.0264087e+00   1.0430000e+03
   9.5223490e+00   1.5605442e+00  -1.5029630e+00   1.0440000e+03
   9.1015808e+00  -8.1750466e-01  -2.4239510e+00   1.0450000e+03
   6.7659207e+00  -1.0685676e+00  -2.7440564e+00   1.0460000e+03
   6.7962252e+00  -4.4153465e-01  -1.2883953e+00   1.0470000e+03
   8.6111623e+00  -3.1268166e+00  -1.7347573e+00   1.0480000e+03
   6.4524373e+00  -2.8010939e+00  -1.4321063e+00   1.0490000e+03
   6.8347713e+00  -4.7666880e+00  -1.9273548e+00   1.0500000e+03
   4.6152989e+00  -8.4477027e+00  -8.1682045e-01   1.0510000e+03
   5.2574408e+00  -7.1931605e+00  -3.3859599e-01   1.0520000e+03
   5.5607527e+00  -8.2227987e+00  -1.3575698e+00   1.0530000e+03
   5.9438490e+00  -5.3213987e+00  -2.8399585e+00   1.0540000e+03
   3.9583039e+00  -6.9301558e+00  -3.1008705e+00   1.0550000e+03
   6.8877665e+00  -4.8693051e+00  -1.6084428e+00   1.0560000e+03
   5.4539752e+00  -5.8030236e+00  -1.6828985e+00   1.0570000e+03
   5.1419474e+00  -7.1984732e+00  -1.4697019e+00   1.0580000e+03
   4.0458779e+00  -5.5068619e+00  -1.7625290e+00   1.0590000e+03
   5.7873026e+00  -6.4527860e+00  -1.3308478e+00   1.0600000e+03
   5.3589549e+00  -5.6873069e+00  -2.0845372e+00   1.0610000e+03
   4.2942662e+00  -5.9910503e+00  -1.6074014e+00   1.0620000e+03
   3.8037101e+00  -2.4829732e+00  -2.8728362e+00   1.0630000e+03
   4.5810959e+00  -4.5805999e+00  -2.5760752e+00   1.0640000e+03
   6.0666620e+00  -4.9760377e+00  -2.2103296e+00   1.0650000e+03
   4.9808841e+00  -5.2085500e+00  -1.8555127e+00   1.0660000e+03
   4.9922064e+00  -4.7041885e+00  -3.2191338e+00   1.0670000e+03
   4.4679372e+00  -4.3080964e+00  -4.0698631e+00   1.0680000e+03
   3.2690568e+00  -5.2080305e+00  -3.4058027e+00   1.0690000e+03
   5.5398382e+00  -6.3547389e+00  -3.6766585e+00   1.0700000e+03
   5.0110766e+00  -6.9476624e+00  -2.3447681e+00   1.0710000e+03
   5.8282765e+00  -3.5925572e+00  -3.8132448e+00   1.0720000e+03
   4.1319797e+00  -1.9680236e+00  -3.3215598e+00   1.0730000e+03
   6.1571793e+00  -5.8285375e+00  -2.1211797e+00   1.0740000e+03
   4.2802517e+00  -5.3070710e+00  -1.6786451e+00   1.0750000e+03
   3.8561450e+00  -5.3670891e+00  -1.6081798e+00   1.0760000e+03
   2.0916481e+00  -6.4578258e+00  -5.5826069e-01   1.0770000e+03
  -7.9076065e-01  -7.1181135e+00  -6.0912075e-01   1.0780000e+03
  -1.2507933e+00  -8.0151377e+00  -7.9495744e-01   1.0790000e+03
  -6.7705984e-01  -7.4086555e+00  -1.2460466e+00   1.0800000e+03
   1.0767401e+00  -6.2325555e+00  -1.6059270e+00   1.0810000e+03
   1.4061874e+00  -8.5391153e+00  -3.3081621e-01   1.0820000e+03
   9.8313271e-01  -7.0781283e+00  -3.3288484e+00   1.0830000e+03
   4.5316846e+00  -4.5644074e+00  -3.1784422e+00   1.0840000e+03
   4.4126076e+00  -2.0431047e+00  -4.0037184e+00   1.0850000e+03
   3.8542096e+00  -3.4054631e+00  -3.9934990e+00   1.0860000e+03
   3.1459630e+00  -3.2888969e+00  -3.1956884e+00   1.0870000e+03
   3.9655976e+00  -3.2847906e+00  -3.2147223e+00   1.0880000e+03
   2.0980509e+00  -3.2667691e+00  -1.8449145e+00   1.0890000e+03
   1.0888519e+00  -3.1015877e+00  -4.1771379e+00   1.0900000e+03
   3.9509610e+00  -2.2216478e+00  -3.8507354e+00   1.0910000e+03
   3.5219044e+00  -1.1570243e+00  -4.0496432e+00   1.0920000e+03
   4.8391895e+00  -2.4063318e+00  -3.1933246e+00   1.0930000e+03
   3.2291145e+00  -2.8837860e+00  -2.7627275e+00   1.0940000e+03
   3.6125563e+00  -2.5050111e+00  -4.1121633e+00   1.0950000e+03
   6.6028765e+00  -3.4988236e+00  -2.7246022e+00   1.0960000e+03
   6.1090960e+00  -3.8377036e+00  -1.9421894e+00   1.0970000e+03
   6.7245102e+00  -5.6983416e+00  -6.2656170e-01   1.0980000e+03
   8.6879672e+00  -6.4078531e+00  -1.8064023e-01   1.0990000e+03
   7.1510382e+00  -4.2695005e+00  -1.8062193e+00   1.1000000e+03
   6.3715640e+00  -2.4709944e+00  -1.7386643e+00   1.1010000e+03
   1.8760214e+00  -7.1260876e+00  -1.3129321e+00   1.1020000e+03
   2.0714875e+00  -8.6557235e+00  -1.2313910e+00   1.1030000e+03
   2.9358730e+00  -8.1394125e+00  -8.0596331e-01   1.1040000e+03
  -5.9343618e-01  -5.8216797e+00  -1.0179713e+00   1.1050000e+03
  -2.1505442e+00  -6.1456288e+00  -1.8175965e+00   1.1060000e+03
   2.8852195e+00  -7.4895369e+00  -3.6809371e-01   1.1070000e+03
   3.4256953e+00  -8.3755784e+00  -1.1433116e-01   1.1080000e+03
   3.8625016e+00  -7.2840327e+00  -1.3445701e+00   1.1090000e+03
   3.9839062e+00  -7.7117077e+00   6.4931070e-02   1.1100000e+03
   2.3182321e+00  -7.8338648e+00   4.2216895e-01   1.1110000e+03
   4.8918046e+00  -6.3295995e+00  -3.6611686e-01   1.1120000e+03
   2.8400651e+00  -8.3273067e+00  -4.9763418e-01   1.1130000e+03
   3.2236244e+00  -4.2091932e+00  -5.1407940e-01   1.1140000e+03
   1.8139582e+00  -6.3163929e+00  -1.7242545e+00   1.1150000e+03
   6.3315710e-01  -4.2295451e+00  -1.0768072e+00   1.1160000e+03
   4.5680829e+00  -8.3201275e+00  -2.1409002e+00   1.1170000e+03
   6.0278900e+00  -6.7167497e+00  -2.8669440e+00   1.1180000e+03
   4.9203989e+00  -8.0014091e+00  -1.9070794e+00   1.1190000e+03
   4.5559631e+00  -7.2576033e+00  -7.7442912e-01   1.1200000e+03
   3.5942695e+00  -8.1520452e+00  -1.6525207e+00   1.1210000e+03
   3.3407375e+00  -9.4734730e+00   5.5876309e-02   1.1220000e+03
   3.7800535e+00  -9.9859670e+00  -2.5439090e-01   1.1230000e+03
   2.3520474e+00  -9.1459981e+00   3.0063606e-01   1.1240000e+03
   1.3628718e+00  -8.7692390e+00   8.4606906e-01   1.1250000e+03
   3.3120407e+00  -9.3250034e+00   4.2742112e-01   1.1260000e+03
   1.9510279e+00  -9.2443454e+00  -9.1822286e-01   1.1270000e+03
   3.9213203e+00  -8.0257308e+00  -1.6566408e-01   1.1280000e+03
   1.2413506e+00  -7.5524468e+00  -1.1956237e+00   1.1290000e+03
  -1.3406458e+00  -5.8727463e+00  -1.8650283e+00   1.1300000e+03
   2.8840988e+00  -1.1367371e+01  -5.8141548e-01   1.1310000e+03
   5.6329163e+00  -9.5973737e+00  -1.2987050e+00   1.1320000e+03
   2.9580136e+00  -8.8184313e+00   1.5583619e-01   1.1330000e+03
   3.0569566e+00  -9.1492883e+00  -5.0016812e-01   1.1340000e+03
   3.8003850e-01  -9.1614154e+00  -6.0862308e-01   1.1350000e+03
  -4.7258896e-01  -7.7059010e+00  -1.0331411e-01   1.1360000e+03
   1.6253509e+00  -9.4347453e+00  -1.1030479e+00   1.1370000e+03
   2.3157712e+00  -8.7705042e+00  -1.0108444e-02   1.1380000e+03
   7.8941051e-01  -8.4338467e+00   1.1530165e-01   1.1390000e+03
   2.3595444e+00  -8.0739198e+00  -8.6977466e-01   1.1400000e+03
   2.9575230e+00  -1.0367824e+01  -9.3978520e-02   1.1410000e+03
   1.7547856e+00  -9.3794076e+00  -1.8756279e+00   1.1420000e+03
   3.0169180e+00  -9.5824087e+00  -7.4857391e-01   1.1430000e+03
   8.7757759e-01  -7.0374875e+00  -1.9537768e+00   1.1440000e+03
   4.8236954e-01  -8.3376292e+00  -2.2892575e+00   1.1450000e+03
  -6.7236970e-01  -7.9939001e+00  -2.5432166e+00   1.1460000e+03
  -2.6955086e-01  -8.2176824e+00  -2.1528115e+00   1.1470000e+03
   1.4264496e+00  -8.0598940e+00  -2.4839060e+00   1.1480000e+03
   1.4560543e+00  -9.4675120e+00  -1.7214130e+00   1.1490000e+03
   1.5922841e+00  -7.8295689e+00  -1.6279540e+00   1.1500000e+03
  -1.7658682e+00  -6.9567513e+00  -7.3808896e-01   1.1510000e+03
  -3.4391368e+00  -7.5602272e+00  -1.5341238e+00   1.1520000e+03
   1.0526921e+00  -7.9077501e+00  -1.2570165e+00   1.1530000e+03
   1.6244361e-01  -7.5638554e+00  -1.7812430e+00   1.1540000e+03
  -2.1348455e+00  -7.4546894e+00  -2.0246414e+00   1.1550000e+03
   5.4568235e-01  -4.4582876e+00  -1.1549643e+00   1.1560000e+03
  -4.6104515e+00  -6.4935873e+00  -5.5771169e-01   1.1570000e+03
  -5.6348134e+00  -5.8504079e+00   4.1178706e-01   1.1580000e+03
  -6.9828932e+00  -4.6601515e+00  -1.0836419e+00   1.1590000e+03
  -3.6234784e+00  -6.0477614e+00   1.5211178e+00   1.1600000e+03
  -1.8068709e+00  -7.9317068e+00   1.4524776e+00   1.1610000e+03
  -9.3304273e-02  -7.3031030e+00   1.4225234e+00   1.1620000e+03
  -5.8870065e+00  -3.9848704e+00   4.3503248e-01   1.1630000e+03
  -7.8202349e+00  -2.7702363e+00  -4.9392258e-01   1.1640000e+03
  -7.8553976e+00  -9.4309256e-01  -8.6614102e-01   1.1650000e+03
  -6.3585417e+00  -1.6845410e+00  -4.3772483e-01   1.1660000e+03
  -5.0626024e+00  -2.9566062e+00   2.5338647e-01   1.1670000e+03
  -2.4327553e+00   6.9455051e-01  -2.4302805e+00   1.1680000e+03
   9.2916945e-01  -3.3829563e+00  -1.4614338e-01   1.1690000e+03
  -2.2351256e+00  -5.4081696e+00  -5.1581350e-03   1.1700000e+03
  -1.2460941e+00  -3.9533809e+00  -5.7312882e-01   1.1710000e+03
  -2.0191142e+00  -5.5192019e+00   1.1387730e+00   1.1720000e+03
  -2.2364158e+00  -6.8497184e+00   6.3160073e-01   1.1730000e+03
  -3.3938369e+00  -4.5578396e+00  -1.0497111e-01   1.1740000e+03
  -2.3236917e+00  -4.4156383e+00   4.9507338e-02   1.1750000e+03
  -2.5712206e+00  -4.4318261e+00   6.4371556e-01   1.1760000e+03
  -2.4764150e+00  -5.0122304e+00  -1.3671272e+00   1.1770000e+03
  -5.0473578e+00  -1.3748102e+00  -2.2054363e+00   1.1780000e+03
  -4.0927596e-01  -2.4959431e+00  -6.5423002e-01   1.1790000e+03
  -4.6382708e+00  -3.7364304e+00  -1.5223556e+00   1.1800000e+03
  -4.4984299e+00  -1.3100602e+00  -1.9336125e+00   1.1810000e+03
  -7.8075998e+00   8.2593442e-01  -1.4538429e+00   1.1820000e+03
  -3.1474480e+00  -3.0500013e+00  -8.7624882e-01   1.1830000e+03
  -2.4716428e+00  -5.4534663e+00  -2.1051007e+00   1.1840000e+03
  -2.8639603e+00  -4.8171345e+00  -9.3225630e-01   1.1850000e+03
  -4.1425517e+00  -5.7664151e+00  -1.8785850e+00   1.1860000e+03
  -3.1654380e+00  -5.9001661e+00  -5.1993106e-02   1.1870000e+03
  -5.5947329e+00  -7.4114356e+00  -6.1581621e-01   1.1880000e+03
  -5.6558114e+00  -7.0408416e+00  -1.2876759e+00   1.1890000e+03
  -5.9041083e+00  -8.0363752e+00  -1.6903507e+00   1.1900000e+03
  -2.0103073e+00  -7.6599245e+00  -1.3779739e+00   1.1910000e+03
  -5.3541648e+00  -7.9493042e+00  -1.3751362e+00   1.1920000e+03
  -5.7868256e+00  -9.2858534e+00  -2.6603284e+00   1.1930000e+03
  -7.1988824e+00  -8.3336814e+00  -3.2185389e+00   1.1940000e+03
  -6.1446387e+00  -9.3781653e+00  -3.6298134e+00   1.1950000e+03
  -5.6328509e+00  -6.2182196e+00  -1.7278515e+00   1.1960000e+03
  -5.4647270e+00  -4.7273645e+00  -2.1079889e-02   1.1970000e+03
  -6.2141147e+00  -5.4850996e+00  -5.9842993e-01   1.1980000e+03
  -2.5265648e+00  -4.0802885e+00   8.8556104e-01   1.1990000e+03
  -5.5243744e+00  -2.7951830e+00   1.1190982e+00   1.2000000e+03
  -4.3997413e+00  -2.9785425e+00   1.4789646e+00   1.2010000e+03
  -4.0049025e+00  -3.6593035e+00   1.8557479e+00   1.2020000e+03
  -3.9704583e+00  -4.9210395e+00   1.1343279e+00   1.2030000e+03
  -4.0038271e+00  -3.8364744e+00   1.5989641e+00   1.2040000e+03
  -5.0726571e+00  -4.6576386e+00   5.7139012e-01   1.2050000e+03
  -4.8706662e+00  -3.3014214e+00   1.5558334e+00   1.2060000e+03
  -4.8586909e+00  -3.3570871e+00   6.9755440e-01   1.2070000e+03
  -3.9075024e+00  -3.9876009e+00   1.4287017e+00   1.2080000e+03
  -4.2306337e+00  -4.1156217e+00   1.7163604e+00   1.2090000e+03
  -5.2451403e+00  -1.4230226e+00   3.4687966e-01   1.2100000e+03
  -3.5976959e+00  -5.6253765e+00  -8.9887372e-01   1.2110000e+03
  -5.5891229e+00  -6.1243541e+00  -2.3599490e+00   1.2120000e+03
  -6.2975299e+00  -6.6571054e+00  -7.1443318e-01   1.2130000e+03
  -4.6462407e+00  -6.1383266e+00  -1.4944497e-01   1.2140000e+03
  -4.9103314e+00  -5.6933227e+00  -1.9709897e-01   1.2150000e+03
  -5.7638906e+00  -4.7635976e+00  -4.1206540e-01   1.2160000e+03
  -5.3705120e+00  -3.5276260e+00  -2.1130054e-01   1.2170000e+03
  -5.4002265e+00  -3.1860535e+00  -8.6649575e-02   1.2180000e+03
  -5.2031887e+00  -4.0858648e+00  -2.5415693e-01   1.2190000e+03
  -4.4798379e+00  -4.0278156e+00  -2.7043266e-04   1.2200000e+03
  -3.8228701e+00  -5.3771950e+00   4.8333923e-01   1.2210000e+03
  -5.4278653e+00  -5.3182334e+00  -6.1304585e-01   1.2220000e+03
  -3.9614560e+00  -4.3132869e+00   8.9393995e-01   1.2230000e+03
  -4.8783076e+00  -5.1844755e+00  -3.1739371e-01   1.2240000e+03
  -4.6330868e+00  -5.7260407e+00   1.5478551e-01   1.2250000e+03
  -4.5922288e+00  -6.1134423e+00  -1.5943005e-01   1.2260000e+03
  -3.6732568e+00  -7.0448545e+00   5.5314622e-01   1.2270000e+03
  -3.9427560e+00  -5.5102660e+00  -3.4062008e-01   1.2280000e+03
  -5.6895731e+00  -7.0271410e+00   6.4304661e-03   1.2290000e+03
  -7.4971719e+00  -5.6052492e+00  -4.1932254e-01   1.2300000e+03
  -6.2816001e+00  -5.6182680e+00  -4.1584986e-01   1.2310000e+03
  -6.7984564e+00  -5.0656212e+00  -1.2643428e+00   1.2320000e+03
  -7.0683442e+00  -6.5460222e+00  -2.1164010e+00   1.2330000e+03
  -6.0669067e+00  -5.7054573e+00  -5.4682878e-01   1.2340000e+03
  -4.1264787e+00  -6.7458035e+00  -4.8790333e-01   1.2350000e+03
  -6.3735974e+00  -6.3308110e+00  -1.7057265e+00   1.2360000e+03
  -6.1952817e+00  -6.0278665e+00   3.0182307e-01   1.2370000e+03
  -7.7663678e+00  -4.3386943e+00  -1.6691062e+00   1.2380000e+03
  -6.7983999e+00  -5.4130198e+00  -2.5373550e-02   1.2390000e+03
  -5.7098041e+00  -7.0410799e+00   2.2350246e-01   1.2400000e+03
  -5.3909872e+00  -6.7592453e+00   9.8550363e-01   1.2410000e+03
  -5.0012537e+00  -7.6077901e+00   3.9805922e-01   1.2420000e+03
  -4.6664712e+00  -7.0129046e+00   4.3733570e-01   1.2430000e+03
  -4.3491140e+00  -6.7939495e+00   6.0640673e-01   1.2440000e+03
  -4.3179955e+00  -6.7733391e+00   1.6411884e+00   1.2450000e+03
  -4.6051577e+00  -6.6489827e+00   1.4102820e+00   1.2460000e+03
  -4.7746626e+00  -5.8603655e+00   1.1955585e+00   1.2470000e+03
  -5.5512407e+00  -6.1696638e+00   9.1225455e-01   1.2480000e+03
  -4.5658220e+00  -7.8846942e+00   1.5823730e+00   1.2490000e+03
  -4.1738620e+00  -6.0177711e+00   2.7628919e+00   1.2500000e+03
